-3.04173 1.56455 9.16174
-3.13842 1.56341 6.58283
-3.158 1.62783 6.20335
-3.13258 1.17349 6.30315
-3.1023 1.18334 6.87006
-3.13538 1.67924 6.9816
-3.06245 1.66228 8.76751
-3.02063 1.18317 8.8699
-3.01059 1.16418 9.42734
-3.02175 1.6034 9.55315
-3.07312 1.51977 9.91049
-3.11166 0.773884 9.88498
-3.12574 0.640533 9.29499
-3.2736 0.186455 8.89222
-3.32584 0.197094 7.62521
-3.18527 0.722461 7.10727
-3.24415 0.954463 6.08459
-3.21312 1.5881 6.00909
-4.65104 1.56456 9.21991
-4.7408 1.56341 6.64075
-4.74867 1.62784 6.26085
-4.76682 1.17349 6.36222
-4.75609 1.18334 6.92984
-4.71504 1.67925 7.0387
-4.65884 1.66228 8.82521
-4.69316 1.18317 8.93036
-4.66292 1.16419 9.48707
-4.64271 1.60341 9.61175
-4.56567 1.51978 9.96444
-4.52908 0.773889 9.93622
-4.55763 0.640538 9.34674
-4.43924 0.186459 8.93436
-4.47862 0.197098 7.66688
-4.65621 0.722466 7.16044
-4.67132 0.954468 6.13617
-4.70772 1.5881 6.06312
