1 14 14

0.040452 0.889600 26.797063

1.520800 1.636200 3.860000

721.530000 0.000000 609.550000 
0.000000 721.530000 172.850000 
0.000000 0.000000 1.000000 

626.797821 209.192350
606.138471 208.549358
595.485994 180.579204
626.797821 209.513846
609.366495 193.439045
620.341774 192.474557
620.341774 192.474557
620.341774 192.474557
622.601390 179.614716
626.152216 184.758652
595.485994 180.900700
593.549180 180.257708
594.840390 180.900700
622.278588 179.936212

0.010054 0.091048 0.003818 0.144017 0.035690 0.002726 0.096934 0.176695 0.006098 0.094297 0.004183 0.092046 0.287334 0.226352 

-0.138075 1.541439 28.262495
1.321461 1.541568 27.698050
-1.001018 1.438912 25.945222
0.341722 1.425293 25.429388
0.318516 0.991783 28.831942
1.389958 0.992213 28.429160
-1.062709 0.793623 25.258030
-0.082620 0.788236 24.878724
-0.450361 0.527027 27.601707
1.075345 0.524829 27.010123
-0.267607 0.040248 27.259892
0.697210 0.040550 26.882138
-0.683504 0.021760 26.120713
0.209508 0.020768 25.758737

0.011278 -0.038007 -0.085527 -0.075242 -0.037997 -0.052000 0.059910 -0.031727 0.049792 -0.016847 -0.030890 0.079187 -0.015458 -0.005810 -0.119223 -0.079511 -0.005839 -0.095172 0.062752 0.005417 0.089566 0.008090 0.005680 0.110591 0.029474 0.021243 -0.045301 -0.059723 0.021364 -0.010696 0.018564 0.049289 -0.025788 -0.037816 0.049276 -0.003702 0.041420 0.049887 0.037650 -0.010391 0.049937 0.058666 
0.034074 -0.009450 0.010463 -0.016972 -0.006482 0.023716 -0.041610 0.011312 0.027106 0.046973 0.011743 -0.031826 0.046613 0.010638 -0.135426 -0.124420 0.009810 -0.065773 -0.086114 -0.005826 -0.040117 0.027221 -0.007599 -0.096461 0.052464 0.015318 0.068006 0.012934 0.014878 0.083708 0.050790 -0.000924 0.070071 0.016257 -0.001560 0.084998 -0.017455 -0.041950 0.012462 0.026629 -0.043818 -0.005772 
-0.046929 -0.043016 -0.007304 0.028954 -0.043801 -0.056944 -0.017320 -0.031686 -0.020524 0.006727 -0.034652 -0.022789 -0.038264 0.003442 -0.005296 0.019907 0.003354 -0.022745 -0.027018 -0.003151 -0.104061 -0.044407 -0.004272 -0.089067 -0.040778 0.006444 -0.010034 0.015336 0.004070 -0.041487 0.005463 0.037107 0.014627 -0.005636 0.035215 0.015277 0.077865 0.044175 0.167919 0.056538 0.042107 0.180625 
-0.082012 0.096136 0.024828 0.062400 0.097739 -0.025140 0.060950 0.066602 -0.021917 -0.071567 0.067125 0.018937 0.006691 -0.015059 -0.060283 -0.036951 -0.014542 -0.026500 0.093111 0.024121 -0.052825 -0.091495 0.033402 0.019234 0.008119 -0.042972 -0.000551 -0.003890 -0.038337 0.002007 0.059116 -0.087234 0.061087 0.014715 -0.086295 0.061185 0.016040 -0.074899 0.007825 -0.008173 -0.069173 -0.002793 
0.018283 0.025727 0.126904 0.065326 0.029809 0.106670 -0.011602 0.009926 0.033366 0.020660 0.006103 -0.025640 0.034106 0.006271 -0.047990 -0.065033 0.004781 -0.009081 0.022887 0.006530 0.031795 -0.002254 0.008035 0.024006 -0.015346 0.010219 -0.091001 -0.049521 0.011397 -0.065277 -0.057271 -0.012579 -0.097269 -0.015522 -0.012580 -0.096949 -0.056138 -0.036052 0.084829 0.099798 -0.038945 0.023446 

0.250000 0.270000 0.010000 -0.080000 -0.050000 
0.989154
-0.000001
0.146881
0.000001
1.000000
0.000000
-0.146881
-0.000000
0.989154

4.000000
0.181672
5.724710
