-6.20528 1.98191 23.3209
-6.2856 1.98527 20.7158
-6.34603 1.9646 20.3123
-6.24654 1.66706 20.4524
-6.24703 1.70617 21.0043
-6.26408 2.01203 21.1327
-6.22017 1.99129 22.9049
-6.14554 1.69031 23.023
-6.1847 1.67978 23.6092
-6.2072 1.96898 23.7577
-6.32129 1.93624 24.0759
-6.3401 1.57388 23.9658
-6.40948 1.21264 23.8218
-6.53436 0.835084 23.4073
-6.44682 0.802792 21.6065
-6.38042 1.27387 21.0539
-6.45629 1.45068 20.2533
-6.44644 1.97857 20.2138
-7.9684 1.98205 23.3113
-7.85981 1.9854 20.7072
-7.79501 1.96472 20.3044
-7.89607 1.6672 20.4434
-7.90156 1.70631 20.9953
-7.88585 2.01216 21.1239
-7.94899 1.99144 22.8955
-8.02495 1.69046 23.0128
-7.99216 1.67993 23.5994
-7.97122 1.96913 23.7481
-7.86059 1.93636 24.0675
-7.84065 1.57401 23.9577
-7.76977 1.21275 23.8144
-7.64046 0.835176 23.4013
-7.70846 0.802897 21.5996
-7.76879 1.27399 21.0464
-7.6842 1.45078 20.2466
-7.69354 1.97867 20.207
-5.91205 1.95049 21.161
-5.99541 1.95391 18.556
-6.05631 1.93325 18.1526
-5.95664 1.63571 18.2925
-5.9565 1.6748 18.8444
-5.97341 1.98066 18.9729
-5.92743 1.95989 20.745
-5.85265 1.6589 20.863
-5.89113 1.64836 21.4493
-5.91347 1.93756 21.5978
-6.02719 1.9048 21.9161
-6.04611 1.54245 21.806
-6.11564 1.18121 21.6621
-6.24099 0.803655 21.2477
-6.15555 0.771406 19.4468
-6.08981 1.2425 18.8942
-6.16662 1.41932 18.0937
-6.15683 1.94721 18.0542
-7.67519 1.95057 21.1534
-7.56963 1.95398 18.5492
-7.5053 1.93331 18.1464
-7.60618 1.63578 18.2855
-7.61103 1.67488 18.8374
-7.59519 1.98073 18.966
-7.65626 1.95996 20.7376
-7.73208 1.65898 20.855
-7.6986 1.64844 21.4416
-7.67749 1.93763 21.5903
-7.5665 1.90487 21.9096
-7.54667 1.54251 21.7996
-7.47594 1.18127 21.6563
-7.3471 0.803704 21.243
-7.4172 0.771461 19.4414
-7.47818 1.24256 18.8883
-7.39454 1.41937 18.0884
-7.40394 1.94727 18.0489
-6.07435 1.96503 20.6022
-6.1626 1.96828 17.9974
-6.22426 1.9476 17.5941
-6.12435 1.65006 17.7339
-6.12317 1.68919 18.2858
-6.13981 1.99506 18.4143
-6.09051 1.9744 20.1863
-6.01553 1.67341 20.3042
-6.05291 1.66291 20.8905
-6.07495 1.95212 21.0391
-6.18807 1.91939 21.3576
-6.20723 1.55703 21.2476
-6.27707 1.19579 21.1038
-6.40324 0.818225 20.6897
-6.32117 0.785851 18.8886
-6.25643 1.2569 18.3359
-6.33472 1.43368 17.5355
-6.32496 1.96157 17.4959
-7.83749 1.96527 20.598
-7.73683 1.9685 17.9936
-7.67325 1.9478 17.5907
-7.7739 1.65029 17.73
-7.77771 1.68942 18.2819
-7.7616 1.99528 18.4104
-7.81935 1.97464 20.1822
-7.89497 1.67367 20.2997
-7.86039 1.66316 20.8862
-7.83898 1.95236 21.0349
-7.72739 1.91961 21.354
-7.70781 1.55724 21.244
-7.63738 1.19598 21.1006
-7.50935 0.81838 20.6871
-7.58283 0.786028 18.8856
-7.64481 1.2571 18.3325
-7.56265 1.43385 17.5325
-7.57208 1.96174 17.493
-5.84575 1.88117 18.74
-5.9126 1.8845 16.1345
-5.97095 1.86383 15.7308
-5.87217 1.56629 15.8714
-5.87552 1.60541 16.4232
-5.89324 1.91127 16.5516
-5.8585 1.89056 18.324
-5.78447 1.58957 18.4425
-5.82666 1.57905 19.0285
-5.84994 1.86825 19.1768
-5.96567 1.83551 19.4944
-5.9839 1.47315 19.3842
-6.05252 1.11191 19.2399
-6.17525 0.734344 18.8247
-6.0784 0.702034 17.0244
-6.00915 1.17311 16.4722
-6.08089 1.3499 15.6712
-6.07084 1.87779 15.6318
-7.6088 1.88128 18.7213
-7.48675 1.8846 16.1179
-7.41986 1.86392 15.7154
-7.52163 1.56639 15.8539
-7.52998 1.6055 16.4057
-7.51494 1.91136 16.5344
-7.58724 1.89066 18.3057
-7.6638 1.58968 18.4225
-7.63404 1.57915 19.0093
-7.61388 1.86835 19.1581
-7.50491 1.8356 19.4781
-7.48439 1.47324 19.3683
-7.41276 1.11199 19.2254
-7.2813 0.734408 18.813
-7.33999 0.702106 17.011
-7.39746 1.17319 16.4575
-7.30875 1.34997 15.6582
-7.31789 1.87787 15.6185
-5.89161 1.83916 17.8134
-5.98459 1.84257 15.2087
-6.04698 1.8219 14.8056
-5.94675 1.52438 14.9451
-5.94457 1.56347 15.497
-5.96105 1.86933 15.6256
-5.90853 1.84856 17.3975
-5.83327 1.54758 17.5152
-5.86959 1.53703 18.1016
-5.89142 1.82622 18.2502
-6.00395 1.79345 18.569
-6.02323 1.4311 18.459
-6.09325 1.06985 18.3153
-6.22008 0.69228 17.9014
-6.14128 0.660045 16.1002
-6.07764 1.13115 15.5473
-6.15743 1.30796 14.7471
-6.14786 1.83585 14.7076
-7.65477 1.83901 17.8124
-7.55883 1.84243 15.2078
-7.49597 1.82178 14.8047
-7.59631 1.52423 14.9442
-7.59912 1.56332 15.4961
-7.58284 1.86918 15.6246
-7.63737 1.8484 17.3965
-7.71272 1.54741 17.5142
-7.67707 1.53687 18.1006
-7.65546 1.82607 18.2492
-7.54328 1.79332 18.5681
-7.52381 1.43096 18.4581
-7.45356 1.06973 18.3145
-7.32619 0.692181 17.9007
-7.40294 0.659933 16.0994
-7.46603 1.13103 15.5465
-7.38536 1.30785 14.7464
-7.39498 1.83574 14.7068
-5.91567 1.85013 16.7386
-6.01169 1.85352 14.134
-6.07455 1.83285 13.7309
-5.97417 1.53532 13.8704
-5.97134 1.57442 14.4223
-5.98766 1.88027 14.5508
-5.93307 1.85952 16.3227
-5.85768 1.55854 16.4403
-5.89331 1.548 17.0268
-5.91496 1.83719 17.1754
-6.02712 1.80443 17.4943
-6.04654 1.44207 17.3843
-6.11673 1.08083 17.2407
-6.24406 0.703256 16.8269
-6.16737 0.671003 15.0256
-6.10437 1.1421 14.4727
-6.18509 1.3189 13.6725
-6.17555 1.8468 13.633
-7.67882 1.85002 16.7396
-7.58593 1.85342 14.135
-7.52355 1.83276 13.7318
-7.62372 1.53521 13.8714
-7.62589 1.57431 14.4233
-7.60946 1.88017 14.5518
-7.66191 1.85941 16.3237
-7.73712 1.55842 16.4415
-7.70079 1.54788 17.0279
-7.679 1.83708 17.1765
-7.56645 1.80433 17.4952
-7.54712 1.44198 17.3852
-7.47705 1.08074 17.2415
-7.35017 0.703185 16.8276
-7.42903 0.670923 15.0264
-7.49275 1.14201 14.4735
-7.41302 1.31883 13.6733
-7.42267 1.84672 13.6338
-5.84773 1.86456 15.3707
-5.94291 1.868 12.7661
-6.00564 1.84734 12.363
-5.90533 1.5498 12.5025
-5.90268 1.58889 13.0544
-5.91901 1.89475 13.1829
-5.865 1.87396 14.9548
-5.78967 1.57297 15.0725
-5.82549 1.56242 15.6589
-5.84716 1.85161 15.8075
-5.95943 1.81885 16.1264
-5.97884 1.4565 16.0164
-6.04902 1.09526 15.8727
-6.17624 0.717707 15.4589
-6.09896 0.685482 13.6577
-6.03575 1.15659 13.1047
-6.1162 1.33341 12.3046
-6.1066 1.8613 12.2651
-7.61088 1.86458 15.3712
-7.51715 1.86802 12.7665
-7.45464 1.84736 12.3634
-7.55488 1.54982 12.5029
-7.55723 1.58891 13.0548
-7.54081 1.89477 13.1834
-7.59384 1.87398 14.9553
-7.66911 1.57299 15.073
-7.63297 1.56244 15.6594
-7.6112 1.85164 15.808
-7.49876 1.81887 16.1268
-7.47942 1.45652 16.0168
-7.40933 1.09528 15.8731
-7.28235 0.717721 15.4592
-7.36062 0.685498 13.658
-7.42413 1.1566 13.1051
-7.34413 1.33343 12.3049
-7.35373 1.86132 12.2654
-6.00153 1.81659 14.4525
-6.07524 1.81946 11.8472
-6.13464 1.79869 11.4436
-6.03537 1.50122 11.584
-6.03728 1.54042 12.1359
-6.05479 1.8463 12.2642
-6.01537 1.82589 14.0365
-5.9409 1.52496 14.1549
-5.98155 1.51452 14.741
-6.00456 1.80374 14.8893
-6.11944 1.771 15.2073
-6.1378 1.40861 15.0972
-6.20666 1.04732 14.953
-6.33032 0.669632 14.5383
-6.23819 0.637062 12.7377
-6.1706 1.10808 12.1852
-6.24452 1.2847 11.3844
-6.2348 1.81259 11.3449
-7.76462 1.81594 14.4385
-7.64943 1.81888 11.8347
-7.58359 1.79816 11.4321
-7.68487 1.50061 11.5709
-7.69178 1.53982 12.1227
-7.67653 1.8457 12.2513
-7.74416 1.82526 14.0227
-7.82028 1.52427 14.1399
-7.78897 1.51386 14.7266
-7.76854 1.80309 14.8753
-7.65871 1.77043 15.195
-7.63833 1.40806 15.0852
-7.56693 1.04682 14.9422
-7.4364 0.669227 14.5295
-7.49981 0.636601 12.7277
-7.55894 1.10757 12.1742
-7.47241 1.28425 11.3746
-7.48188 1.81214 11.3349
-5.77731 1.79134 12.9941
-5.80252 1.79406 10.3879
-5.8544 1.77329 9.98326
-5.75788 1.47579 10.1255
-5.77005 1.51503 10.6772
-5.78983 1.82092 10.8052
-5.78341 1.80063 12.5779
-5.71127 1.49967 12.6977
-5.76282 1.48929 13.2829
-5.78848 1.77852 13.4308
-5.90927 1.74585 13.7466
-5.92572 1.38347 13.6362
-5.99203 1.02219 13.4908
-6.1081 0.644523 13.0738
-5.98248 0.611792 11.2753
-5.90443 1.08274 10.7241
-5.96336 1.25934 9.92205
-5.9527 1.78722 9.88267
-7.53984 1.79139 12.9473
-7.3762 1.7941 10.3461
-7.30289 1.77333 9.94475
-7.40685 1.47583 10.0817
-7.42401 1.51508 10.6333
-7.41105 1.82097 10.7621
-7.51164 1.80067 12.532
-7.59005 1.49972 12.6477
-7.56967 1.48934 13.2349
-7.55189 1.77857 13.3839
-7.44805 1.74589 13.7057
-7.42577 1.38351 13.5963
-7.35186 1.02223 13.4546
-7.21382 0.644554 13.0444
-7.2437 0.611827 11.2418
-7.29233 1.08278 10.6872
-7.19086 1.25938 9.88942
-7.19939 1.78726 9.84953
-5.76057 1.75809 11.7492
-5.74177 1.7599 9.14294
-5.78681 1.73898 8.73747
-5.69261 1.44156 8.88142
-5.7141 1.48099 9.43288
-5.73613 1.78692 9.5604
-5.75964 1.76723 11.333
-5.68945 1.46634 11.454
-5.75087 1.45614 12.0383
-5.77911 1.74542 12.1857
-5.9052 1.71282 12.4993
-5.91968 1.35039 12.3888
-5.98341 0.989044 12.2424
-6.09231 0.611198 11.8237
-5.93633 0.577887 10.0276
-5.84913 1.04867 9.47765
-5.89456 1.22498 8.67461
-5.8834 1.75285 8.63524
-7.52206 1.75758 11.6726
-7.31452 1.75944 9.07454
-7.23444 1.73856 8.67451
-7.3406 1.44108 8.80975
-7.36709 1.4805 9.36099
-7.35639 1.78644 9.48993
-7.48685 1.76673 11.2579
-7.56712 1.46579 11.3723
-7.55665 1.45561 11.9598
-7.54148 1.74491 12.109
-7.44307 1.71237 12.4324
-7.41884 1.34995 12.3236
-7.34244 0.988647 12.1833
-7.19737 0.610875 11.7757
-7.1968 0.577519 9.97275
-7.23621 1.04826 9.41732
-7.12133 1.22462 8.62126
-7.12934 1.75249 8.58105
-6.20828 1.91074 11.3328
-6.16748 1.91846 8.72676
-6.2091 1.89849 8.32088
-6.1163 1.60068 8.46494
-6.14242 1.63887 9.01628
-6.16535 1.94452 9.14431
-6.20384 1.92083 10.9166
-6.13484 1.61962 11.0375
-6.2012 1.60813 11.6212
-6.23051 1.89709 11.769
-6.35927 1.86385 12.0815
-6.37302 1.50169 11.9701
-6.43573 1.14071 11.8223
-6.54131 0.763882 11.4019
-6.3702 0.734557 9.60701
-6.27808 1.20653 9.05893
-6.31663 1.38469 8.25594
-6.30482 1.91265 8.21786
-7.96906 1.91147 11.2413
-7.73959 1.91911 8.64508
-7.65615 1.89908 8.2457
-7.76363 1.60136 8.37936
-7.79475 1.63955 8.93044
-7.78496 1.94519 9.06016
-7.93035 1.92154 10.8269
-8.01175 1.62039 10.94
-8.00625 1.60887 11.5275
-7.99217 1.89782 11.6775
-7.89652 1.86449 12.0017
-7.87158 1.50231 11.8922
-7.79421 1.14127 11.7518
-7.64593 0.764339 11.3445
-7.63016 0.735077 9.54156
-7.6646 1.20711 8.9869
-7.5429 1.3852 8.19223
-7.55026 1.91316 8.15316
