1 36 36

-3.310623 0.889600 6.736691

1.520800 1.636200 3.860000

721.530000 0.000000 609.550000 
0.000000 721.530000 172.850000 
0.000000 0.000000 1.000000 

372.914791 284.858897
265.371790 332.587991
240.790532 355.048742
250.008504 312.934835
286.880390 300.300663
283.807733 342.414570
360.624162 303.108257
369.842134 266.609537
382.132762 259.590553
382.132762 284.858897
385.205420 275.032319
385.205420 231.514615
369.842134 230.110818
342.188219 207.650068
296.098362 213.265255
293.025704 258.186756
219.281932 297.493069
219.281932 359.260133
231.572561 284.858897
84.085017 328.376601
47.213131 355.048742
56.431102 308.723444
102.520960 298.896866
114.811588 335.395585
216.209275 300.300663
213.136618 269.417131
237.717875 262.398147
246.935847 284.858897
271.517104 275.032319
274.589761 234.322209
259.226476 231.514615
243.863190 207.650068
185.482703 214.669052
133.247531 259.590553
41.067816 297.493069
37.995159 360.663929

0.034798 0.034914 0.035182 0.093984 0.035249 0.035135 0.034877 0.034896 0.034883 0.035128 0.035047 0.034968 0.035175 0.035015 0.034954 0.001000 0.101853 0.034678 0.001000 0.001000 0.001000 0.001000 0.001000 0.001000 0.001000 0.001000 0.001000 0.001000 0.034930 0.035233 0.001000 0.035051 0.001000 0.022891 0.001000 0.001000 

-1.963435 1.444966 7.229448
-3.479316 1.444056 5.201495
-3.716713 1.513786 4.900904
-3.632676 1.049417 4.972745
-3.291312 1.061668 5.416311
-3.252628 1.552373 5.525905
-2.203815 1.534256 6.922926
-2.107659 1.057039 6.982638
-1.796062 1.034343 7.425963
-1.731666 1.471274 7.541532
-1.588322 1.389627 7.874361
-1.636006 0.684761 7.881777
-1.859620 0.488398 7.594527
-2.194022 0.031573 7.356323
-3.064986 0.048467 6.171373
-3.257799 0.576416 5.645125
-3.872044 0.839473 4.869558
-3.890105 1.465820 4.775746
-3.225084 1.444966 8.168615
-4.732884 1.444056 6.134647
-4.952731 1.513786 5.820992
-4.908019 1.049417 5.922106
-4.581036 1.061668 6.376377
-4.487148 1.552373 6.444877
-3.449756 1.534256 7.850400
-3.420141 1.057039 7.959645
-3.084848 1.034343 8.385332
-2.992612 1.471274 8.480177
-2.714900 1.389627 8.712982
-2.694115 0.684761 8.669430
-2.905136 0.488398 8.372806
-3.037388 0.031573 7.984122
-3.922647 0.048467 6.809814
-4.371456 0.576416 6.474128
-4.938195 0.839473 5.663197
-5.022881 1.465820 5.618981

-0.139942 -0.466410 -0.026979 -0.146235 -0.464312 -0.057690 -0.083880 -0.365686 -0.006475 -0.133992 -0.219827 -0.081592 -0.145007 -0.267956 -0.095322 -0.202910 -0.358654 -0.111023 -0.097790 -0.366376 0.007006 -0.153106 -0.184653 -0.019164 -0.118866 -0.198226 -0.049455 -0.166727 -0.350086 -0.088039 0.003834 -0.352362 0.197044 -0.097671 -0.925581 0.166713 -1.217988 -0.018352 -1.601645 -1.517351 0.377439 -1.936825 -0.070543 0.300180 0.090805 0.019995 0.044560 0.073754 -0.105714 -0.116885 -0.148443 -0.148538 -0.241499 -0.103081 0.014304 -0.466410 -0.141799 -0.013311 -0.464312 -0.156639 0.017862 -0.365686 -0.082212 -0.039721 -0.219827 -0.151767 -0.049713 -0.267956 -0.166259 -0.048142 -0.358654 -0.226232 0.034767 -0.366376 -0.091670 0.025568 -0.184653 -0.152168 -0.013274 -0.198226 -0.128057 -0.036504 -0.350086 -0.184976 0.187661 -0.352362 0.060204 0.187726 -0.925581 -0.045736 -1.184878 -0.018352 -1.626292 -1.420082 0.377439 -2.009232 0.107226 0.300180 -0.041526 0.064917 0.044560 0.040314 -0.111874 -0.116885 -0.143858 -0.056133 -0.241499 -0.171868 
-0.549036 -0.248652 0.262064 -0.925062 -0.266840 -0.242385 -0.892927 -0.473015 -0.161930 -0.892901 -0.279994 -0.184780 -0.995330 -0.307560 -0.329568 -0.986894 -0.459335 -0.289565 -0.508121 -0.449800 0.336620 -0.524173 -0.195133 0.337893 -0.546289 -0.170582 0.238420 -0.549191 -0.342919 0.202779 -0.075502 -0.296013 0.678364 0.037737 0.285590 0.671371 -0.073933 0.131617 0.456901 0.093819 0.115769 0.688007 -0.802814 0.125019 -0.467628 -0.652948 -0.001941 -0.162450 -0.802147 -0.122865 -0.335350 -0.789137 -0.606055 -0.240964 0.408564 -0.248652 -0.450771 0.033201 -0.266840 -0.955714 0.101055 -0.473015 -0.901847 0.079158 -0.279994 -0.908378 -0.030157 -0.307560 -1.048040 0.005744 -0.459335 -1.028482 0.468248 -0.449800 -0.390185 0.474072 -0.195133 -0.405197 0.385126 -0.170582 -0.454923 0.351816 -0.342919 -0.467927 0.671508 -0.296013 0.122292 0.632321 0.285590 0.228764 0.458904 0.131617 0.060258 0.632168 0.115769 0.287261 -0.217645 0.125019 -0.903226 0.031707 -0.001941 -0.672105 -0.091119 -0.122865 -0.864636 -0.004434 -0.606055 -0.825095 
0.092266 -0.140775 -0.377815 0.073795 -0.129769 -0.350299 -0.006295 -1.289362 -0.388120 0.003314 -1.054717 -0.271678 0.063835 -1.032477 -0.268247 0.169153 -0.899643 -0.146741 -0.098680 -0.899501 -0.516049 -0.015170 -1.003204 -0.397329 0.095567 -0.936048 -0.312235 0.163499 -0.950545 -0.299034 0.367326 -0.916822 -0.490912 0.542705 -0.008070 -0.453727 0.483057 -0.510379 -0.544630 0.877606 -0.961694 -0.019266 0.221054 -0.907628 -0.719282 0.518952 -0.745550 -0.071775 0.205452 -1.035946 -0.543898 0.291885 -1.431744 -0.387047 -0.388404 -0.140775 -0.020006 -0.356745 -0.129769 -0.029807 -0.369998 -1.289362 -0.117380 -0.261207 -1.054717 -0.074769 -0.275284 -1.032477 -0.015808 -0.189101 -0.899643 0.119943 -0.466045 -0.899501 -0.242584 -0.376274 -1.003204 -0.128525 -0.326526 -0.936048 0.001970 -0.333370 -0.950545 0.070834 -0.575659 -0.916822 0.211043 -0.590353 -0.008070 0.389718 -0.660322 -0.510379 0.306497 -0.270238 -0.961694 0.835186 -0.752465 -0.907628 0.005402 -0.217644 -0.745550 0.476544 -0.579977 -1.035946 0.040773 -0.454517 -1.431744 0.168572 
-0.846978 0.421942 -0.905227 0.112941 0.421928 0.430483 0.064831 -0.361896 0.505370 0.079728 0.169885 0.570987 0.031872 0.135621 0.403604 0.081801 -0.234837 0.460499 -0.882340 -0.275543 -0.863207 -0.855949 0.240489 -0.835446 -0.943707 0.208749 -0.968293 -0.901977 -0.310561 -0.910579 -0.586356 -0.129321 -0.310663 -0.546422 0.547132 -0.203352 -0.326261 0.208749 -0.009042 -0.082076 -0.023350 0.380527 -0.180525 0.180173 0.085449 0.133445 0.209204 0.514913 0.018088 0.212070 0.505582 0.054055 -0.336954 0.467308 -0.624178 0.421942 -1.071078 0.379984 0.421928 0.231697 0.465525 -0.361896 0.207095 0.524110 0.169885 0.240190 0.377494 0.135621 0.146325 0.417672 -0.234837 0.210477 -0.573779 -0.275543 -1.092899 -0.554757 0.240489 -1.059652 -0.656841 0.208749 -1.181835 -0.613526 -0.310561 -1.125301 -0.129380 -0.129321 -0.650834 -0.038037 0.547132 -0.581793 0.084941 0.208749 -0.315140 0.388078 -0.023350 0.030546 0.133649 0.180173 -0.148421 0.454982 0.209204 0.275562 0.479138 0.212070 0.162377 0.432155 -0.336954 0.185852 
-0.194486 0.645211 -0.371092 -0.293133 0.611508 -0.533872 -0.236189 0.648944 -0.546769 -0.281912 0.849132 -0.539604 -0.253284 0.843671 -0.553557 -0.235912 0.696931 -0.543309 -0.129336 0.719854 -0.420455 -0.156475 0.861156 -0.428169 -0.079579 0.916011 -0.319987 -0.049223 0.868742 -0.358407 0.268970 0.963962 -0.439476 0.487482 1.241603 -0.493160 0.207252 0.755803 -0.987849 0.432399 0.036220 -0.459989 -0.191163 0.191258 -1.104881 0.005650 0.599264 -0.655546 0.084067 0.403790 -0.579485 0.166124 0.658699 -0.457093 -0.299695 0.645211 -0.292775 -0.427330 0.611508 -0.433977 -0.456022 0.648944 -0.383126 -0.436041 0.849132 -0.424872 -0.457620 0.843671 -0.401450 -0.452787 0.696931 -0.381868 -0.365674 0.719854 -0.244526 -0.365277 0.861156 -0.272738 -0.283705 0.916011 -0.168037 -0.329218 0.868742 -0.149979 -0.498167 0.963962 0.131579 -0.612286 1.241603 0.325504 -1.005782 0.755803 -0.084870 -0.564706 0.036220 0.282252 -1.003590 0.191258 -0.500114 -0.629609 0.599264 -0.182661 -0.579243 0.403790 -0.085719 -0.485538 0.658699 0.028002 
0.269156 1.047017 0.537667 0.092966 1.066869 0.368484 0.011587 -0.453583 0.398115 0.038849 0.000995 0.588564 -0.055273 0.132791 0.513801 0.214696 0.025512 0.522167 0.117322 -0.052886 0.465430 0.151219 0.044396 0.613255 0.042110 0.024296 0.529996 0.173801 -0.197451 0.562793 -0.373007 -0.309636 -0.469840 -0.443857 0.475937 -0.617942 -0.668005 -0.220844 -0.878910 0.214287 -0.700806 0.171464 -0.957055 -0.559234 -1.262794 -0.908162 -0.242366 -0.656206 0.065118 -0.137938 0.756074 0.212944 -0.554733 0.543562 0.437844 1.047017 0.412095 0.326322 1.066869 0.194775 0.378054 -0.453583 0.125318 0.552676 0.000995 0.206073 0.508059 0.132791 0.094458 0.438621 0.025512 0.355479 0.412205 -0.052886 0.245920 0.544090 0.044396 0.320803 0.495635 0.024296 0.192394 0.489272 -0.197451 0.327958 -0.343074 -0.309636 -0.492122 -0.464624 0.475937 -0.602483 -0.650314 -0.220844 -0.892079 0.102778 -0.700806 0.254471 -0.935133 -0.559234 -1.279113 -0.368072 -0.242366 -1.058247 0.705608 -0.137938 0.279296 0.459618 -0.554733 0.359938 
-0.179218 0.053590 -0.270030 -0.214322 0.033830 -0.264940 -0.288652 0.756834 -0.369381 -0.151219 -0.019397 -0.345649 -0.058921 -0.121535 -0.346505 -0.064041 0.484669 -0.334891 -0.156617 0.521770 -0.399648 -0.017849 -0.253679 -0.398263 -0.087634 -0.312701 -0.427325 -0.086255 0.443998 -0.284246 -0.525937 0.381222 -0.221740 -0.604560 -2.226199 -0.082257 0.270154 -1.503295 0.885852 -0.358497 -1.161733 -0.480665 -0.184810 -1.018491 -0.187341 -0.879506 -0.773600 -1.007007 0.487647 -0.652541 0.491729 -0.030230 0.765772 0.210174 -0.207262 0.053590 -0.249155 -0.192314 0.033830 -0.281322 -0.271039 0.756834 -0.382492 -0.287735 -0.019397 -0.244028 -0.315034 -0.121535 -0.155855 -0.302439 0.484669 -0.157427 -0.337914 0.521770 -0.264691 -0.376400 -0.253679 -0.131359 -0.384219 -0.312701 -0.206548 -0.247550 0.443998 -0.164178 -0.061529 0.381222 -0.567444 0.094647 -2.226199 -0.602745 0.771106 -1.503295 0.512944 -0.357607 -1.161733 -0.481328 -0.126444 -1.018491 -0.230788 -0.712347 -0.773600 -1.131439 0.331153 -0.652541 0.608222 0.210012 0.765772 0.031339 
0.154920 -0.766959 -0.413922 0.514449 -0.718496 0.176928 0.763862 -0.281011 0.365808 0.761824 -0.239281 0.330235 0.330544 -0.313540 -0.170089 0.280112 -0.313796 -0.126170 0.351198 -0.349973 -0.075100 0.388702 -0.289799 -0.106060 0.050716 -0.197707 -0.602846 -0.031342 -0.235441 -0.595145 0.440391 -0.427972 0.261218 0.383323 -0.137889 0.304607 0.020771 0.668262 0.855933 -0.404386 1.363756 -0.020360 -0.867389 1.184899 -1.111729 -0.731665 0.638029 -1.231619 0.201555 0.534846 -0.264627 -0.055943 -0.237162 -0.138663 -0.440968 -0.766959 0.029654 0.021897 -0.718496 0.543582 0.131281 -0.281011 0.836700 0.097788 -0.239281 0.824541 -0.257771 -0.313540 0.267850 -0.201229 -0.313796 0.232139 -0.172700 -0.349973 0.314888 -0.213119 -0.289799 0.341934 -0.592054 -0.197707 -0.124371 -0.561134 -0.235441 -0.200769 0.123890 -0.427972 0.496820 0.181828 -0.137889 0.454599 0.813992 0.668262 0.265462 0.096512 1.363756 -0.393227 -0.816143 1.184899 -1.149876 -0.969931 0.638029 -1.054254 -0.311328 0.534846 0.117161 -0.116784 -0.237162 -0.093373 
0.439311 -0.238520 -0.079230 -0.150100 -0.221633 -0.837972 -0.191192 -0.395080 -0.647059 -0.367624 -0.063039 -0.647331 -0.071369 -0.234090 -0.849702 -0.236789 -0.120191 -0.883517 0.463655 -0.238541 -0.037579 0.373314 -0.134156 -0.114190 0.307985 -0.292003 -0.154348 0.244489 -0.473228 -0.094753 -0.571030 -0.444411 -0.965657 -0.899070 0.408995 -0.735310 -0.609101 0.295771 0.050417 -0.507650 1.266126 0.958443 -0.245428 0.918805 0.418218 -0.105370 0.228637 0.312805 0.218547 0.364712 0.779615 0.733008 -0.403904 0.328361 -0.201936 -0.238520 0.398112 -0.759682 -0.221633 -0.384202 -0.565005 -0.395080 -0.368793 -0.514648 -0.063039 -0.537887 -0.793506 -0.234090 -0.312145 -0.778441 -0.120191 -0.480313 -0.169020 -0.238541 0.433382 -0.216492 -0.134156 0.324860 -0.236220 -0.292003 0.250756 -0.160912 -0.473228 0.207027 -0.761236 -0.444411 -0.824069 -0.446459 0.408995 -1.072232 0.223047 0.295771 -0.569031 1.063794 1.266126 -0.211336 0.471049 0.918805 -0.115125 0.329886 0.228637 -0.011198 0.684141 0.364712 0.433028 0.104260 -0.403904 0.796399 
-0.169843 0.231658 0.228313 -0.246765 0.179135 0.013507 0.105098 -0.710127 0.279699 -0.023188 0.595020 0.176384 -0.572546 0.453206 -0.309431 -0.408365 -0.421786 -0.261535 0.104556 -0.502651 0.462388 -0.039924 0.891481 0.531519 -0.375509 0.912093 0.100296 -0.342709 -0.421110 -0.138584 -0.047466 -0.181069 0.294090 -0.250706 -2.285484 0.280584 0.496402 0.406648 -0.173974 1.200680 0.717799 -0.381000 0.314469 0.824104 -0.363408 0.581727 0.604014 0.110393 1.348978 -0.163741 0.495488 0.563116 -0.443429 0.210301 0.267442 0.231658 -0.097201 0.083735 0.179135 -0.232516 0.237788 -0.710127 0.180925 0.175621 0.595020 0.028391 -0.132161 0.453206 -0.637252 -0.133382 -0.421786 -0.466232 0.412953 -0.502651 0.232818 0.520629 0.891481 0.114245 0.203812 0.912093 -0.330948 -0.034436 -0.421110 -0.368061 0.295345 -0.181069 0.038903 0.340715 -2.285484 -0.159669 -0.309076 0.406648 0.425622 -0.709454 0.717799 1.040898 -0.438350 0.824104 0.196988 -0.061144 0.604014 0.588944 0.087642 -0.163741 1.434423 0.039905 -0.443429 0.599778 
0.057254 0.562334 0.177465 -0.152019 0.562149 -0.163983 -0.183415 -0.749560 -0.003719 -0.226159 0.227662 0.249356 -0.264472 0.369760 0.004127 -0.068612 -0.224456 -0.061177 0.039950 -0.212255 0.122158 -0.012639 0.245765 0.328015 -0.123334 0.158032 0.157250 -0.002296 -0.283122 0.160285 -0.157758 -0.492284 -0.582406 -0.257889 1.782129 -0.290477 0.811390 0.162255 1.737192 -0.597192 -0.089539 -1.912089 0.228725 -0.041701 -0.183157 0.257379 -0.083161 0.118117 -0.046970 0.116835 0.030347 0.233477 -0.842520 0.190903 0.153579 0.562334 0.105762 -0.113476 0.562149 -0.192675 0.049058 -0.749560 -0.176772 0.303758 0.227662 -0.145112 0.079830 0.369760 -0.252170 -0.038921 -0.224456 -0.083279 0.105561 -0.212255 0.073318 0.317852 0.245765 0.081998 0.186024 0.158032 -0.073035 0.154206 -0.283122 0.043786 -0.512663 -0.492284 -0.318216 -0.204278 1.782129 -0.330385 1.431378 0.162255 1.275674 -1.660376 -0.089539 -1.120658 -0.241077 -0.041701 0.166563 0.039311 -0.083161 0.280447 0.042547 0.116835 -0.036289 0.115894 -0.842520 0.278431 
0.155312 1.160880 -0.172945 0.149712 1.154659 -0.352835 0.164688 -0.274028 -0.268840 0.473528 -0.205798 0.030280 -0.145047 0.017363 -0.500067 0.071222 0.397540 -0.180941 -0.053596 0.468059 -0.058487 0.220454 0.117525 0.234857 -0.289346 0.424914 -0.132356 -0.042915 0.522908 0.106722 0.562962 0.484911 0.579188 0.414946 0.046650 0.743509 -1.195251 0.353805 0.697290 -1.040683 -0.640817 0.586547 -0.451304 -0.943108 -0.381865 0.544684 -0.316028 0.792566 1.058011 -0.814626 -0.043429 0.389761 -0.796822 -0.554316 -0.210233 1.160880 0.099166 -0.380954 1.154659 0.042192 -0.304786 -0.274028 0.080636 -0.106847 -0.205798 0.462309 -0.437432 0.017363 -0.282417 -0.193768 0.397540 0.016317 -0.040652 0.468059 -0.068122 0.161736 0.117525 0.278566 -0.043780 0.424914 -0.315154 0.114548 0.522908 -0.010492 0.393328 0.484911 0.705462 0.593207 0.046650 0.610813 1.010891 0.353805 -0.944954 0.860457 -0.640817 -0.828656 -0.236335 -0.943108 -0.541888 0.602980 -0.316028 0.749171 -0.345143 -0.814626 1.001074 -0.642834 -0.796822 0.214345 
0.478955 0.680172 -0.262357 0.261809 0.692160 -0.418672 0.134309 -0.129506 -0.055590 0.458836 -0.464014 0.353223 -0.177014 -0.518826 -0.747952 0.261840 0.311947 -0.422722 0.507668 0.238214 -0.192694 0.757083 -0.633102 0.229484 -0.156039 -0.336186 -0.543782 0.054751 0.157890 -0.207135 -0.585035 0.360432 0.478432 -0.894777 -0.215561 0.527668 -0.362715 0.075240 -0.009799 0.959985 -0.275073 -0.528820 0.256709 -0.016609 -0.673121 0.583622 0.201539 0.555387 -1.256018 0.913345 0.350783 -1.132043 0.330668 0.218419 -0.388738 0.680172 0.383551 -0.476184 0.692160 0.130688 -0.091786 -0.129506 0.112714 0.206736 -0.464014 0.540886 -0.665725 -0.518826 -0.384157 -0.480073 0.311947 0.129555 -0.330241 0.238214 0.431043 0.002632 -0.633102 0.791094 -0.476155 -0.336186 -0.305488 -0.214135 0.157890 -0.006977 0.626164 0.360432 -0.423181 0.762194 -0.215561 -0.705776 0.094674 0.075240 -0.350278 -0.782006 -0.275073 0.767912 -0.718473 -0.016609 0.052801 0.364600 0.201539 0.718425 0.696384 0.913345 -1.102578 0.534016 0.330668 -1.021790 
0.228592 0.552387 -0.135195 0.141031 0.568328 -0.149702 0.028040 -0.110493 -0.242251 -0.386020 1.231527 -0.322028 0.411665 1.042267 0.222595 0.325813 0.113145 0.107933 -0.004896 -0.099565 -0.258274 -0.315265 1.079930 -0.295371 0.143231 0.699839 0.218989 0.359128 -0.915904 0.075655 0.517891 -2.405704 -0.117502 0.025062 -1.800125 -0.220442 -0.321365 -0.399495 0.446798 -0.281556 -0.288803 0.326271 -0.308008 -0.170852 -0.383557 0.504895 0.064746 0.136531 -1.136681 1.155569 -0.452529 -0.014897 0.103880 -0.235548 -0.195094 0.552387 0.180196 -0.183871 0.568328 0.092154 -0.240111 -0.110493 -0.042639 -0.197743 1.231527 -0.462181 0.095132 1.042267 0.458221 0.009921 0.113145 0.343082 -0.246012 -0.099565 -0.078788 -0.192506 1.079930 -0.386753 0.168690 0.699839 0.200037 -0.030558 -0.915904 0.365736 -0.261144 -2.405704 0.462409 -0.218365 -1.800125 -0.039236 0.520214 -0.399495 -0.179670 0.393333 -0.288803 -0.176113 -0.279067 -0.170852 -0.405101 -0.014061 0.064746 0.522840 -0.107396 1.155569 -1.218726 -0.221372 0.103880 -0.081849 
0.403201 0.141024 -0.258062 0.369770 -0.018721 -0.383882 0.327213 -0.485465 -0.065602 0.126964 0.716924 -0.091079 0.282453 0.638691 -0.227750 0.132681 -0.958679 -0.454946 0.358495 -0.751004 0.026478 0.018700 1.321308 -0.079481 -0.010768 0.962569 -0.152766 -0.109097 -0.632355 -0.280173 -0.410846 -0.041083 0.729898 -0.479501 1.089095 1.236209 -0.082597 -0.298893 -0.413257 0.148507 -0.746766 0.100700 0.798340 -0.916082 0.748326 -1.069405 -0.323686 -0.836899 -0.316448 -0.044247 -0.155692 0.627537 -0.784820 -0.061004 -0.362890 0.141024 0.312214 -0.473830 -0.018721 0.244091 -0.156720 -0.485465 0.294637 -0.123676 0.716924 0.095497 -0.299210 0.638691 0.205238 -0.473886 -0.958679 -0.003419 -0.077486 -0.751004 0.351021 -0.081505 1.321308 -0.004889 -0.143255 0.962569 -0.054143 -0.237095 -0.632355 -0.184891 0.817084 -0.041083 -0.184170 1.321808 1.089095 -0.104680 -0.372187 -0.298893 -0.197687 0.053861 -0.746766 0.171154 0.487827 -0.916082 0.979471 -0.494909 -0.323686 -1.264552 -0.058359 -0.044247 -0.347812 -0.238477 -0.784820 0.583655 
-0.023156 -0.897211 -0.141243 0.082411 -0.958061 -0.018220 -0.084037 -0.362700 -0.387238 -0.698644 0.142119 -0.653540 0.649226 -0.027637 0.578760 0.595348 0.034598 0.195126 -0.072762 -0.032288 -0.676924 -0.572352 0.082159 -0.782784 0.614112 0.140399 0.826324 0.394091 0.372228 0.367923 -0.365192 1.026795 0.792980 -0.408424 0.201191 0.741488 -0.312716 0.300173 0.360774 0.484170 0.488643 -0.425657 -0.315839 0.244827 -1.170691 0.135720 -0.283911 0.619556 -0.086981 -0.564566 0.565580 0.641383 -0.187547 0.341213 -0.128662 -0.897211 -0.062704 -0.041098 -0.958061 0.073719 -0.346849 -0.362700 -0.191601 -0.425628 0.142119 -0.856772 0.368169 -0.027637 0.787978 0.016121 0.034598 0.626301 -0.627592 -0.032288 -0.263910 -0.585671 0.082159 -0.772870 0.615401 0.140399 0.825366 0.239393 0.372228 0.483080 0.864417 1.026795 -0.122337 0.827493 0.201191 -0.178524 0.435325 0.300173 -0.196065 -0.546669 0.488643 0.341697 -1.030864 0.244827 -0.638429 0.554573 -0.283911 0.307763 0.566758 -0.564566 0.078939 0.142858 -0.187547 0.712313 
-0.483932 -0.177521 0.423286 -0.251661 -0.154775 0.171448 0.267381 -0.038417 -0.108620 0.599922 -0.688704 -0.371467 0.015861 -0.093805 0.234350 0.135513 0.102750 0.014917 -0.213770 0.076165 0.192938 -0.467763 0.030147 0.353991 -0.401858 -0.155316 0.362250 -0.365418 0.020933 0.363234 -0.918403 0.111453 -0.239551 -0.701105 0.054351 -0.155499 -0.885431 0.095988 0.377506 -0.225706 0.757623 0.473805 1.412587 -0.299412 -0.755750 1.060549 -0.419368 -1.236450 -0.058091 0.189907 -0.940687 0.311242 0.408355 -0.254249 0.544330 -0.177521 -0.342150 0.236441 -0.154775 -0.191894 -0.180764 -0.038417 0.224978 -0.527967 -0.688704 0.468130 0.219948 -0.093805 0.082428 -0.024588 0.102750 0.134096 0.246157 0.076165 -0.149430 0.473309 0.030147 -0.346541 0.462314 -0.155316 -0.281037 0.452801 0.020933 -0.245846 0.034005 0.111453 -0.948521 0.052182 0.054351 -0.716244 0.615663 0.095988 -0.739904 0.518642 0.757623 -0.080285 -1.129246 -0.299412 1.136382 -1.488740 -0.419368 0.661232 -0.884476 0.189907 -0.325528 -0.332855 0.408355 0.225215 
-0.286597 0.414199 0.156504 -0.087003 0.378058 -0.057718 -0.258816 1.159934 -0.339129 0.348670 -0.811562 -0.176333 0.188151 -0.463047 -0.101032 0.008075 1.152725 0.192433 -0.487787 1.081765 -0.099906 -0.162323 -0.824915 -0.116644 -0.310913 -0.842861 0.023068 -0.108188 0.016026 0.413785 0.258123 -2.029878 0.215983 -0.161780 0.441339 0.654293 -0.542583 -0.113366 0.080241 1.041140 -0.143413 -0.593626 0.098962 0.800178 0.447490 -0.762263 0.841268 0.042597 0.327093 0.860622 -0.154205 1.171449 -0.342158 -0.171978 0.232148 0.414199 -0.229649 -0.030331 0.378058 -0.099905 -0.250619 1.159934 -0.345231 -0.268952 -0.811562 0.283424 -0.150765 -0.463047 0.151255 0.182026 1.152725 0.062944 0.044238 1.081765 -0.495944 -0.065171 -0.824915 -0.188963 0.111298 -0.842861 -0.291224 0.427429 0.016026 0.015074 0.132849 -2.029878 0.309236 0.673201 0.441339 0.032735 0.232533 -0.113366 -0.496753 -0.867370 -0.143413 0.827063 0.400286 0.800178 0.223185 0.259496 0.841268 -0.717998 -0.241564 0.860622 0.269101 -0.500833 -0.342158 1.072863 
0.395504 1.069279 -0.439595 0.407508 1.188048 -0.256645 -0.241083 -0.743567 -0.159109 -0.216158 -0.252477 0.097433 0.276279 -0.600253 -0.081435 0.062700 0.135919 0.498342 -0.468079 -0.028021 -0.278527 -0.020510 -0.593278 -0.139058 -0.070471 -0.010694 0.487500 -0.093757 0.669684 0.529403 -0.464669 1.687215 0.535788 0.038548 -1.176786 -0.422066 0.651962 -0.018999 -0.122510 -0.292507 0.521016 0.054362 -0.360775 0.808234 0.782484 0.187326 0.491288 -0.783842 -0.512235 0.921905 -0.506121 0.485452 -1.822636 -0.142865 -0.534584 1.069279 0.252760 -0.362768 1.188048 0.316746 -0.083254 -0.743567 -0.276596 0.155352 -0.252477 -0.179118 -0.157275 -0.600253 0.241301 0.459404 0.135919 0.203037 -0.132528 -0.028021 -0.528310 -0.127328 -0.593278 -0.059543 0.487224 -0.010694 0.072354 0.534047 0.669684 0.062069 0.646576 1.687215 -0.291419 -0.415382 -1.176786 -0.084162 -0.304405 -0.018999 0.589407 0.135996 0.521016 -0.264614 0.853095 0.808234 -0.121117 -0.804633 0.491288 -0.045430 -0.337886 0.921905 -0.635906 -0.276134 -1.822636 0.424057 
0.229218 0.789228 -0.109481 -0.010188 0.912243 -0.133944 -0.680624 0.578822 0.000365 -0.491851 0.301708 -0.072090 0.075429 0.136211 0.027777 0.117922 0.133928 0.176554 -0.024929 -0.091402 -0.367432 0.255683 -0.579967 -0.336888 0.179036 -0.708150 -0.168140 0.100236 -0.875511 0.265825 -0.101619 -1.340321 1.058811 0.073260 0.906007 0.594750 0.733745 0.205471 -0.510544 -0.636618 0.707973 0.287698 0.142838 0.241051 -0.064507 1.051872 -0.473093 -1.051151 0.792878 -0.337501 0.597814 -0.539801 0.773394 0.777049 -0.170640 0.789228 0.188172 -0.125390 0.912243 -0.048188 0.195618 0.578822 -0.651907 0.072051 0.301708 -0.491857 0.004969 0.136211 0.080227 0.135301 0.133928 0.163618 -0.344834 -0.091402 -0.129296 -0.396081 -0.579967 0.148282 -0.212437 -0.708150 0.123271 0.225892 -0.875511 0.172287 1.043454 -1.340321 0.206422 0.548730 0.906007 0.240811 -0.699590 0.205471 0.556427 0.458247 0.707973 -0.527316 -0.102775 0.241051 0.118327 -1.308741 -0.473093 0.706082 0.345209 -0.337501 0.931058 0.899250 0.773394 -0.294176 
-0.255252 -0.700464 0.207821 0.081503 -0.748778 -0.035267 0.459906 0.441773 0.090544 0.814124 -0.027381 -0.362958 0.065930 0.275521 -0.252409 -0.173436 0.212020 -0.299499 0.016539 0.084832 0.546140 -0.023811 0.203153 0.192237 -0.252701 -0.099678 -0.004370 -0.412894 -0.135173 0.061826 -0.550746 -0.007935 0.221472 -0.386091 0.599300 0.345397 0.991682 -1.418754 -0.507209 -0.350491 -1.189499 0.057459 -1.619170 0.412336 -0.103537 1.119659 -0.722691 0.237222 -0.129111 0.899672 -0.258054 0.842651 0.117369 0.101188 0.272315 -0.700464 -0.184899 -0.057167 -0.748778 0.067959 -0.045208 0.441773 0.466549 -0.581269 -0.027381 0.675768 -0.260713 0.275521 -0.009257 -0.237150 0.212020 -0.252070 0.518436 0.084832 0.172529 0.190987 0.203153 0.032342 0.068312 -0.099678 -0.243332 0.177685 -0.135173 -0.377799 0.370169 -0.007935 -0.464053 0.441645 0.599300 -0.270767 -0.770397 -1.418754 0.804477 0.155599 -1.189499 -0.319272 0.365350 0.412336 -1.580807 -0.093976 -0.722691 1.140648 -0.210165 0.899672 -0.197718 -0.144819 0.117369 0.836258 
-0.185503 0.342870 0.286125 -0.225481 0.414342 0.227709 0.170397 0.462720 0.321275 -1.307383 0.923427 0.618976 0.237638 -0.713952 -0.289648 -0.049078 -0.591486 -0.153230 0.384287 -1.004619 0.066479 0.073178 -0.897524 0.227373 0.095172 -1.119385 -0.396804 -0.105166 -0.643881 -0.142539 -0.169055 1.058735 -0.282994 0.843018 -0.285597 0.510692 -0.416375 0.250045 0.226305 -0.134492 -0.880275 0.071970 0.214779 -0.128525 -0.292980 0.108929 0.316732 0.109381 -0.148543 1.157261 -0.477561 1.291278 1.222490 0.596438 0.327317 0.342870 -0.095616 0.282826 0.414342 -0.150673 0.258883 0.462720 0.255406 0.968038 0.923427 -1.074841 -0.345649 -0.713952 0.144549 -0.132708 -0.591486 -0.090976 -0.046566 -1.004619 0.387205 0.196820 -0.897524 0.135334 -0.407428 -1.119385 -0.022670 -0.106376 -0.643881 -0.141639 -0.222596 1.058735 -0.243138 0.247364 -0.285597 0.954094 0.336248 0.250045 -0.333945 0.107529 -0.880275 -0.108190 -0.342283 -0.128525 0.121695 0.073531 0.316732 0.135730 -0.414868 1.157261 -0.279309 0.200902 1.222490 1.408111 
-0.593294 0.444368 0.358694 -0.859903 0.432281 0.374091 0.078732 -0.432359 -0.054628 0.567189 -0.750641 -0.157819 -0.626218 0.201753 0.216896 0.030518 0.341590 -0.038251 0.265268 0.078497 -0.361818 0.273095 -0.108282 -0.287890 0.250877 0.235825 -0.121149 0.210361 0.715623 -0.152709 0.640705 0.124187 -0.441543 0.360870 -0.262417 0.890142 0.836655 -1.373078 -0.434285 -0.819220 1.013748 0.412493 0.909404 -0.187362 -0.664526 -0.327859 0.335958 0.319675 -0.778812 0.590896 0.687152 0.584717 -0.713938 0.487105 0.513829 0.444368 -0.465445 0.605067 0.432281 -0.716429 -0.074920 -0.432359 0.059750 -0.313909 -0.750641 0.498068 0.387438 0.201753 -0.537666 -0.045399 0.341590 0.018261 -0.422712 0.078497 0.150313 -0.354138 -0.108282 0.179020 -0.188032 0.235825 0.205574 -0.206641 0.715623 0.157707 -0.606798 0.124187 0.487094 0.749189 -0.262417 0.601078 -0.656062 -1.373078 0.676889 0.630183 1.013748 -0.666438 -0.897495 -0.187362 0.680524 0.400298 0.335958 -0.222362 0.881704 0.590896 -0.548931 0.298874 -0.713938 0.699885 
-0.663809 0.543499 0.379367 -0.558891 0.578645 0.310788 0.186040 0.307887 -0.187427 0.927534 -0.279759 -0.849155 -0.009711 0.206801 -0.107061 0.228004 -1.002507 -0.380240 0.216615 -0.835701 -0.097773 0.048868 -0.087818 -0.170312 -0.067815 -0.112100 -0.024427 0.082088 -0.581567 0.006529 -0.381071 0.043621 1.721624 0.666976 0.038225 -1.623058 -0.046847 0.472759 0.249283 -0.047041 -0.351011 -0.169540 0.103714 -0.035423 0.043950 -0.446243 0.263121 0.301860 -0.318366 0.098320 0.557653 0.352326 0.576384 -0.037905 0.553863 0.543499 -0.527064 0.458067 0.578645 -0.446232 -0.232922 0.307887 0.124447 -1.079564 -0.279759 0.644922 -0.099774 0.206801 -0.040018 -0.429669 -1.002507 0.109330 -0.155809 -0.835701 0.179458 -0.177172 -0.087818 -0.002048 -0.003945 -0.112100 -0.071972 -0.017297 -0.581567 0.080510 1.758577 0.043621 0.128877 -1.746180 0.038225 0.173288 0.252244 0.472759 0.026640 -0.148917 -0.351011 -0.093704 0.012347 -0.035423 0.111963 0.417196 0.263121 -0.340881 0.625548 0.098320 -0.144994 -0.137393 0.576384 0.326640 
0.213902 0.528788 -0.004974 0.088295 0.649214 -0.217792 0.227950 -0.478753 -0.498818 0.600196 -0.362508 -0.594443 -1.024655 0.926904 0.970758 0.303641 -0.585819 0.122628 0.075096 -0.779231 -0.563640 0.064485 -0.761506 -0.217351 -0.105444 -0.346609 0.435025 0.419979 -1.088967 0.152210 -0.428707 0.503746 -0.580737 -0.516090 -0.252826 0.704658 0.344295 0.478924 -0.070893 -0.149780 -0.348465 0.047781 -0.426987 0.277107 0.152377 -0.552296 1.112395 0.460043 0.681100 0.139417 -1.053071 -0.378183 1.296209 0.003748 -0.066133 0.528788 0.203483 -0.233968 0.649214 0.022100 -0.543247 -0.478753 0.075258 -0.741648 -0.362508 0.404421 1.223918 0.926904 -0.703073 0.030360 -0.585819 0.326058 -0.561490 -0.779231 -0.089767 -0.226714 -0.761506 -0.000583 0.446989 -0.346609 0.023796 0.025321 -1.088967 0.445992 -0.433329 0.503746 -0.577296 0.823100 -0.252826 -0.292231 -0.166690 0.478924 0.309482 0.088743 -0.348465 -0.129776 0.268472 0.277107 -0.365321 0.599155 1.112395 -0.397094 -1.204206 0.139417 0.350346 0.112089 1.296209 -0.361210 
0.362344 0.766483 -0.190034 0.562432 0.653046 -0.243800 0.091066 0.159035 0.315916 0.094111 -0.025583 -0.304141 1.065460 -1.138447 -0.628712 -0.229326 -0.059150 -0.027319 -0.358978 0.337004 0.588799 -0.639876 0.411604 0.369366 -0.003223 -0.122125 0.196341 -0.461305 -0.000249 -0.042114 -0.435783 -0.547587 0.097295 -0.164446 -0.153837 -0.066466 0.916848 -0.240745 -0.276330 -0.526065 0.947211 0.147687 0.435612 0.060145 -0.786560 -0.908264 0.262040 1.121930 -0.045682 -1.240820 -0.850597 -0.010974 0.889184 0.422646 -0.286000 0.766483 0.292591 -0.394910 0.653046 0.468843 0.276509 0.159035 0.177872 -0.318356 -0.025583 0.002897 -0.907958 -1.138447 0.840294 0.039622 -0.059150 -0.227524 0.667036 0.337004 -0.174963 0.537417 0.411604 -0.507007 0.189012 -0.122125 0.053242 0.092003 -0.000249 -0.453995 0.218229 -0.547587 -0.389550 -0.016493 -0.153837 -0.176602 -0.527753 -0.240745 0.799027 0.292404 0.947211 -0.461579 -0.878470 0.060145 0.191638 1.335343 0.262040 -0.548205 -0.801733 -1.240820 -0.287795 0.408027 0.889184 0.110743 
1.094748 -0.663896 -1.002917 1.205821 -0.436874 -0.745502 -0.098237 0.780981 -0.120958 -0.015984 -0.131475 0.070089 -1.377838 0.790281 0.786962 -0.502754 0.048904 0.122826 -0.224627 -0.320934 0.096349 -0.506201 -0.344953 0.709043 -0.368640 -0.567595 -0.095157 -0.247457 0.270331 0.085288 0.228227 -0.009471 0.481617 0.444940 0.051059 -0.491910 -0.080185 -0.662972 0.042034 -0.133783 0.072617 0.076654 0.629293 0.046999 -0.518242 -0.068305 -0.150076 0.141625 -0.294376 0.275059 0.515996 0.690258 0.317642 0.107782 -1.274835 -0.663896 0.760994 -1.060107 -0.436874 0.941248 -0.087690 0.780981 -0.128810 0.071729 -0.131475 0.004796 1.149176 0.790281 -1.094140 0.261901 0.048904 -0.446381 0.156743 -0.320934 -0.187542 0.824463 -0.344953 -0.281499 0.014605 -0.567595 -0.380443 0.152697 0.270331 -0.212586 0.395893 -0.009471 0.356807 -0.598882 0.051059 0.285108 0.063271 -0.662972 -0.064755 0.111814 0.072617 -0.106167 -0.676998 0.046999 0.454156 0.155268 -0.150076 -0.024802 0.578759 0.275059 -0.133963 -0.094781 0.317642 0.692163 
0.349994 0.718176 -0.174180 0.059613 0.618754 -0.054258 -0.364272 0.280172 0.523848 0.811693 -0.692735 -0.939787 -0.193241 -0.092227 0.259430 -0.821443 -0.331223 0.291701 -0.146065 -0.288533 0.578633 0.018165 0.535528 -0.488330 0.715985 0.082059 -0.327734 -0.278967 0.049381 -0.137467 -0.007189 0.144473 -0.717886 0.612265 -0.429863 0.574305 -0.477821 1.199425 0.306545 0.507801 0.380084 -0.354050 -0.571024 0.060224 0.460001 0.402972 -0.944750 -0.405562 -0.932226 -1.231990 0.110541 0.480446 0.443856 0.792389 -0.267270 0.718176 0.285309 -0.069080 0.618754 0.041540 0.606335 0.280172 -0.198669 -1.133151 -0.692735 0.507949 0.303964 -0.092227 -0.110688 0.515107 -0.331223 -0.703223 0.596214 -0.288533 0.026083 -0.473013 0.535528 -0.122699 -0.519370 0.082059 0.591860 -0.051654 0.049381 -0.306678 -0.685645 0.144473 -0.212845 0.374506 -0.429863 0.751292 0.430743 1.199425 -0.369787 -0.484853 0.380084 0.384879 0.604489 0.060224 -0.415047 -0.504124 -0.944750 0.269677 0.373346 -1.231990 -0.861323 0.621240 0.443856 0.687583 
-0.205502 0.705498 -0.176434 0.276413 0.753983 -0.046855 0.388041 0.421352 -0.370144 -0.086584 -0.499515 -0.018746 0.159529 -1.042936 -0.197737 0.770936 -1.398468 -0.633390 0.150377 -0.851599 -0.278048 -0.942195 0.059477 0.517146 -0.809995 0.536566 0.971153 0.019648 0.580813 -0.047491 0.644232 0.052424 -0.586574 0.346061 0.372327 0.361223 -0.206253 -1.256086 0.053341 0.321127 0.762814 -0.195421 -0.420992 0.713846 0.465679 0.210463 -0.569736 -0.379494 -0.103572 -0.035523 0.783293 -0.261691 1.173003 -0.335973 -0.110060 0.705498 -0.247481 -0.124187 0.753983 0.251351 -0.465911 0.421352 0.265536 0.006883 -0.499515 -0.088322 -0.235193 -1.042936 0.096092 -0.827942 -1.398468 0.556810 -0.309502 -0.851599 0.064284 0.765718 0.059477 -0.754219 1.162712 0.536566 -0.497324 -0.051131 0.580813 0.005197 -0.746743 0.052424 0.448863 0.246754 0.372327 0.435147 0.110272 -1.256086 -0.182279 -0.279336 0.762814 0.251562 0.566884 0.713846 -0.269693 -0.423922 -0.569736 0.092740 0.780079 -0.035523 0.125506 -0.246771 1.173003 -0.347079 
0.017438 0.349766 -0.137646 -0.041703 0.480211 0.217915 0.013074 -0.064902 0.407023 -0.232962 0.506469 -0.178662 -0.196532 0.682006 0.247080 -0.191210 -0.109199 -0.218098 0.452216 -0.352994 0.064028 0.475556 0.014988 -0.598446 0.411698 0.005489 -0.277966 -0.282631 0.574592 0.228040 -0.524783 -0.032750 0.254590 0.550641 0.514894 -0.291350 -0.897053 -2.903861 0.263746 0.602500 1.192322 -0.160960 -0.078913 0.728294 0.048746 -0.122444 -0.626411 0.342720 0.641914 0.084448 -1.050489 -0.513604 -0.543278 0.445055 -0.136862 0.349766 -0.022785 0.220719 0.480211 0.022570 0.386162 -0.064902 0.129298 -0.104316 0.506469 -0.274426 0.293077 0.682006 -0.117384 -0.154072 -0.109199 -0.245744 -0.068403 -0.352994 0.451576 -0.709724 0.014988 0.283873 -0.384396 0.005489 0.314643 0.299539 0.574592 -0.205326 0.394445 -0.032750 -0.429681 -0.437079 0.514894 0.443906 0.510020 -2.903861 -0.783674 -0.327049 1.192322 0.530993 0.069336 0.728294 -0.061611 0.363441 -0.626411 -0.018971 -1.190491 0.084448 0.313548 0.573696 -0.543278 -0.364328 
0.119629 -0.460714 -0.392743 0.194649 -0.449893 -0.209080 -0.154205 -0.007700 0.394484 0.147198 0.028107 -0.131263 0.267465 -0.228437 -0.281950 -0.492532 -0.155458 -0.050658 -0.142154 -0.286478 0.282844 1.268905 -1.121113 -1.259779 -1.185845 1.526190 1.564720 -0.536309 0.154264 0.183663 0.070085 -0.400107 -0.247585 0.384653 0.036120 -0.066538 -0.093071 0.295892 0.058365 -0.133824 -0.628395 0.046886 0.370440 -0.435622 -0.256662 -0.076768 0.117923 0.035426 0.134386 0.673865 0.118372 -0.089748 0.299241 0.610898 -0.410554 -0.460714 0.001923 -0.256135 -0.449893 0.126482 0.422142 -0.007700 -0.034546 -0.167976 0.028107 0.103351 -0.346832 -0.228437 0.175331 0.092777 -0.155458 -0.486360 0.311737 -0.286478 -0.055031 -1.570864 -1.121113 0.854136 1.839156 1.526190 -0.687081 0.329807 0.154264 -0.461072 -0.257284 -0.400107 -0.003893 -0.174096 0.036120 0.349393 0.082613 0.295892 -0.072414 0.083308 -0.628395 -0.114747 -0.352150 -0.435622 0.281232 0.055961 0.117923 -0.063377 0.074841 0.673865 0.162697 0.610966 0.299241 0.089289 
0.083002 0.205336 -0.066920 -0.306195 0.443302 0.465106 0.120183 1.346542 0.248049 -0.504127 0.200032 0.613919 -0.528008 0.110102 0.404800 0.111830 -0.415166 -0.205458 0.703136 -0.385645 -0.183940 0.710796 -0.864583 -0.354524 -0.414402 0.251859 0.119660 -0.054546 1.019187 -0.398785 0.323721 -0.613698 0.357258 -1.266430 -0.143996 -0.265364 0.335025 0.603879 -0.131952 0.012305 1.002521 0.002382 -0.364526 -0.309373 0.054922 0.044393 -0.890983 0.170399 -0.536756 -1.554446 -0.693694 0.942785 0.076200 -0.721409 -0.087920 0.205336 0.060313 0.533400 0.443302 -0.159886 0.203141 1.346542 0.186295 0.732743 0.200032 -0.306803 0.539267 0.110102 -0.389676 -0.228905 -0.415166 0.048183 -0.377934 -0.385645 0.620805 -0.543545 -0.864583 0.579204 0.233520 0.251859 -0.362651 -0.366371 1.019187 -0.166663 0.249366 -0.613698 0.412608 0.109126 -0.143996 -1.289323 -0.222522 0.603879 0.283084 -0.001248 1.002521 0.012471 0.157194 -0.309373 -0.333445 0.150500 -0.890983 0.091414 -0.510539 -1.554446 -0.713210 -0.961564 0.076200 0.696182 
0.259756 -0.534895 0.143550 -0.177214 -0.519800 -0.122337 -0.993081 0.846601 -0.038046 0.204971 -0.892810 0.652563 -0.173889 0.097858 0.033812 1.065705 0.288377 -0.523496 0.730663 0.602919 -0.881993 -0.161451 0.770472 0.560035 -0.676326 0.703173 0.112795 0.153244 -0.045754 -0.082899 -1.168610 -0.487428 -0.173719 1.168754 -0.471103 0.043891 0.094912 0.698929 -0.081857 -0.045908 0.208856 0.041153 -0.273251 -0.225096 0.130278 -0.081812 -0.314813 0.177757 -0.066384 -0.306515 -0.573370 0.095980 -0.724561 0.906080 0.062992 -0.534895 0.290020 -0.066352 -0.519800 -0.204862 0.248465 0.846601 -0.962249 0.566325 -0.892810 0.383573 0.082279 0.097858 -0.156878 -0.807235 0.288377 0.870715 -1.054540 0.602919 0.446907 0.582812 0.770472 0.006008 0.302088 0.703173 -0.615534 -0.123379 -0.045754 0.123018 0.168854 -0.487428 -1.169323 -0.293265 -0.471103 1.132214 -0.105646 0.698929 0.067437 0.052594 0.208856 -0.032172 0.203196 -0.225096 -0.224387 0.193756 -0.314813 -0.027375 -0.530221 -0.306515 -0.228091 0.840453 -0.724561 0.351896 
0.141746 -0.312879 -0.156534 0.023719 -0.357460 0.187466 -1.662543 0.839071 0.448638 0.525554 -0.187120 -0.089548 0.013641 -0.466744 -0.396113 0.624413 -1.763593 0.165844 -0.306325 -1.151879 -0.125085 0.104320 0.749575 0.038252 0.430615 0.340296 -0.673757 -0.144432 0.937932 1.051955 0.886352 0.209176 -0.107995 -0.868098 -0.003278 -0.115561 -0.033544 -0.074800 0.041562 -0.099403 -0.420200 0.073713 0.066884 -0.163578 -0.282023 0.035245 0.499430 0.136945 0.378547 0.931853 -0.348066 0.032250 0.041083 0.223099 -0.190620 -0.312879 0.090878 0.172781 -0.357460 0.076505 0.906755 0.839071 -1.463940 -0.236563 -0.187120 0.477769 -0.383375 -0.466744 -0.100576 -0.020270 -1.763593 0.645743 -0.031943 -1.151879 -0.329334 0.006715 0.749575 0.110908 -0.768975 0.340296 0.219214 1.049170 0.937932 0.163441 -0.357746 0.209176 0.818108 0.138351 -0.003278 -0.864759 0.049438 -0.074800 -0.020210 0.099132 -0.420200 -0.074076 -0.289356 -0.163578 -0.016839 0.121076 0.499430 0.073052 -0.442037 0.931853 0.262775 0.204468 0.041083 0.094901 
0.115529 -0.172665 0.311820 -0.127806 -0.348970 -0.264923 -0.404794 0.128574 -0.671559 0.257411 0.225060 0.703572 0.004515 -0.105573 -0.540562 0.059585 -0.169728 1.301602 -0.897975 -0.120390 -0.106432 1.018623 0.446508 -0.047761 -0.481942 0.914333 -0.462028 0.486838 -1.731369 0.306270 -0.388215 0.630308 -0.095945 0.323628 0.180337 0.072072 -0.110949 -1.177916 0.086906 0.130963 1.079781 -0.100019 -0.112801 0.264294 -0.129774 -0.007138 -0.036995 0.097686 -0.402172 -0.938024 0.189096 0.521627 1.035050 -0.758326 0.265567 -0.172665 0.200132 -0.217119 -0.348970 -0.198439 -0.527194 0.128574 -0.580445 0.600145 0.225060 0.448443 -0.519133 -0.105573 -0.150760 1.229790 -0.169728 0.430505 0.155668 -0.120390 -0.890761 -0.337992 0.446508 0.962099 -0.304338 0.914333 -0.594237 0.153723 -1.731369 0.554240 0.019466 0.630308 -0.399421 -0.023805 0.180337 0.330700 0.115084 -1.177916 -0.081352 -0.133387 1.079781 0.096762 -0.091956 0.264294 -0.145291 0.095627 -0.036995 0.021187 0.296528 -0.938024 -0.331014 -0.876100 1.035050 0.282138 
-0.012105 0.152422 0.233960 0.328260 0.297336 -0.045263 -0.458153 1.665607 0.353870 -0.009662 0.474807 -0.389750 0.498532 0.665752 0.461233 0.312785 -0.455417 -0.288442 0.479126 -0.245303 0.373226 0.151985 -0.329701 -0.345414 0.011387 -0.674228 -0.074897 -0.976457 -0.576135 0.330014 -0.805401 0.252634 -0.688090 0.452626 -0.276581 0.454853 0.195991 0.034094 -0.025179 -0.188480 -0.238292 0.043941 0.274734 0.580003 -0.415278 0.039458 0.726552 0.177445 -0.115026 -0.440777 0.816454 -0.365329 -1.277765 -1.613162 0.227597 0.152422 0.055526 -0.137537 0.297336 0.301475 0.470436 1.665607 -0.337369 -0.370593 0.474807 -0.121073 0.298817 0.665752 0.609900 -0.366053 -0.455417 0.216883 0.220077 -0.245303 0.566061 -0.374497 -0.329701 0.046498 -0.075015 -0.674228 -0.010580 0.596283 -0.576135 -0.840729 -0.428097 0.252634 -0.968953 0.305875 -0.276581 0.564093 -0.080350 0.034094 0.180528 0.096168 -0.238292 -0.167951 -0.476641 0.580003 0.144043 0.158665 0.726552 0.088708 0.815132 -0.440777 0.124048 -1.440536 -1.277765 -0.812781 
0.530523 0.328158 0.172230 -0.126945 0.224214 0.122889 -0.888885 1.008814 0.653177 -0.094238 -1.106231 -0.169562 0.131037 -0.625978 0.464605 -0.245074 0.015643 -0.146141 0.143655 0.769434 0.439691 -0.296951 0.356948 -0.211943 -0.041121 0.374425 0.547661 0.752734 -1.924384 -1.743608 0.523583 1.125016 0.293140 -0.477446 0.210598 -0.173298 -0.191869 -0.774055 0.141114 -0.035131 0.018636 -0.011889 0.070202 0.024402 -0.181089 0.177841 0.176128 -0.005170 0.277731 0.780931 -0.172056 0.021294 -0.499451 -0.141593 0.012785 0.328158 0.557633 0.154143 0.224214 -0.086352 0.880736 1.008814 -0.664123 -0.135397 -1.106231 -0.138923 0.407480 -0.625978 0.258822 -0.069687 0.015643 -0.276699 0.379993 0.769434 0.263761 -0.117839 0.356948 -0.345273 0.536436 0.374425 0.117730 -1.886266 -1.924384 0.220856 0.130603 1.125016 0.585674 -0.029035 0.210598 -0.507093 0.190228 -0.774055 -0.143318 -0.001310 0.018636 -0.037065 -0.193617 0.024402 0.015297 -0.055975 0.176128 0.168882 -0.244504 0.780931 0.216694 -0.141750 -0.499451 -0.020223 
0.033798 -0.015109 -0.372711 -0.267056 0.039746 0.172429 -0.175457 0.381272 0.075413 0.357608 -0.377297 0.076564 0.531378 -0.395592 -0.286046 -1.601944 1.246694 0.994465 1.419227 -1.795888 -1.311606 -0.404245 0.310369 0.490574 0.199944 0.514724 0.325688 0.019668 0.041595 0.106664 -0.186286 -0.170987 -0.034104 -0.121984 0.155693 0.001432 -0.017944 -0.122282 0.040914 -0.063838 -0.525098 0.013701 0.067907 0.406513 -0.091860 -0.024980 -0.050291 0.027558 0.197364 0.086283 0.058187 -0.083697 0.145682 -0.458360 -0.366739 -0.015109 -0.074552 0.241798 0.039746 -0.206360 0.122580 0.381272 -0.146446 -0.029251 -0.377297 0.364541 -0.426472 -0.395592 0.426975 1.412251 1.246694 -1.249293 -1.663640 -1.795888 0.983270 0.585927 0.310369 -0.246507 0.254633 0.514724 0.284977 0.096537 0.041595 0.049443 0.020775 -0.170987 -0.188239 0.036369 0.155693 -0.116445 0.044342 -0.122282 -0.005451 0.031440 -0.525098 -0.057224 -0.107481 0.406513 0.038698 0.033566 -0.050291 -0.016023 -0.000882 0.086283 0.205761 -0.415079 0.145682 -0.211680 
-0.294189 -0.006157 -0.099866 0.086825 -0.045228 -0.053373 0.112977 0.877516 -0.164424 0.251252 0.843124 -0.603828 0.319518 0.421160 -0.180084 -0.116370 0.075816 0.422034 -0.126140 -0.490585 -0.012276 -0.064683 -0.594166 0.500018 -0.386512 -0.573703 -0.034009 0.076427 -0.521095 0.001816 0.083221 0.443159 -0.211863 0.023554 -0.162120 0.125527 0.190610 0.658621 -0.127859 0.332548 2.133126 -0.269790 -0.355548 -2.538331 0.088726 -0.325324 -1.565865 0.348669 0.357888 1.744858 0.049761 -0.266110 -0.749504 0.015602 -0.011266 -0.006157 -0.310473 -0.076039 -0.045228 0.067863 -0.189925 0.877516 0.061054 -0.650528 0.843124 0.067453 -0.264183 0.421160 0.254421 0.437679 0.075816 0.009602 0.024429 -0.490585 -0.124359 0.497556 -0.594166 0.081489 0.078310 -0.573703 -0.380020 -0.020187 -0.521095 0.073735 -0.226832 0.443159 0.018940 0.113492 -0.162120 0.058577 -0.177169 0.658621 0.145915 -0.353855 2.133126 0.241167 0.187001 -2.538331 -0.315146 0.427346 -1.565865 -0.211616 -0.055008 1.744858 0.357120 0.091293 -0.749504 -0.250447 
0.377271 -0.036084 0.209129 -0.205481 0.207853 -0.571498 0.056594 -1.011395 0.149595 -0.610221 -1.671892 0.236975 -0.221533 -1.099441 0.700156 0.147033 -0.127344 0.230346 0.290344 0.279837 0.175220 0.135495 0.807999 -0.458802 0.698713 0.742223 -0.302103 -0.977660 0.557726 -0.057370 -0.623749 -0.719754 0.233056 0.261205 0.023606 -0.042387 0.235307 0.120056 -0.034668 0.011259 0.569352 -0.106681 -0.316307 -1.352152 0.087384 -0.038827 -0.010416 0.116688 0.423361 1.512481 0.269627 0.222466 1.323278 -1.005113 0.092100 -0.036084 0.421410 -0.488521 0.207853 -0.360804 0.127069 -1.011395 0.097133 0.402083 -1.671892 -0.516581 0.734279 -1.099441 -0.011348 0.178480 -0.127344 0.206937 0.084556 0.279837 0.328408 -0.478388 0.807999 -0.001829 -0.489861 0.742223 0.582668 0.225529 0.557726 -0.953020 0.402210 -0.719754 -0.530665 -0.115544 0.023606 0.238064 -0.100720 0.120056 0.215469 -0.105426 0.569352 -0.019820 0.174458 -1.352152 -0.277940 0.122922 -0.010416 -0.003717 0.136831 1.512481 0.482919 -1.026684 1.323278 -0.075250 
-0.016782 -0.223858 -0.485971 -0.307909 0.318154 0.260454 0.080956 0.907720 -0.698348 0.068680 0.233173 0.171413 0.032484 -0.175267 0.039107 -0.388028 -1.402073 0.465415 -0.762169 -0.500930 0.670579 0.070040 -0.465194 0.284948 0.582042 0.531205 0.139518 1.310567 1.813677 -1.056154 -1.253184 -1.048311 -0.047739 0.300014 0.033560 0.322901 -0.025714 0.128560 -0.011096 -0.122644 -0.391212 0.055702 0.069288 0.049196 -0.190629 0.194345 0.411825 0.065809 0.271539 0.454002 0.068827 -0.169573 -0.499394 -0.170531 -0.460727 -0.223858 -0.155499 0.337843 0.318154 -0.220242 -0.692217 0.907720 -0.122801 0.144503 0.233173 0.114970 0.028144 -0.175267 0.042338 0.557174 -1.402073 -0.238190 0.861052 -0.500930 -0.537742 0.252875 -0.465194 0.148846 -0.033332 0.531205 0.597601 -1.387752 1.813677 0.952467 0.313802 -1.048311 -1.214198 0.223254 0.033560 0.380041 -0.003253 0.128560 -0.027816 0.088547 -0.391212 -0.101508 -0.202494 0.049196 0.011685 0.007286 0.411825 0.205055 -0.011970 0.454002 0.279870 -0.114712 -0.499394 -0.211369 
0.901006 -0.793566 -1.143970 -1.645118 0.623539 0.096693 -0.364934 -0.824225 0.204051 0.590625 -0.108474 0.765034 1.122988 1.495893 0.236096 -0.288591 -0.267579 -0.797796 -0.272555 0.295970 0.106087 -0.241888 -0.423002 0.216418 -0.078769 -0.906782 0.268730 -0.057237 -0.069282 0.295520 0.080640 0.207903 -0.012490 0.057793 -0.003306 0.062161 -0.059014 -0.344320 -0.022677 0.178323 0.440585 -0.051751 -0.194473 -0.642644 0.102457 0.126710 0.638790 -0.041578 -0.066218 -0.187618 0.140191 0.240665 0.676993 -0.242030 -1.354374 -0.793566 0.534929 0.564607 0.623539 -1.548219 0.300171 -0.824225 -0.291051 0.563425 -0.108474 0.785282 -0.096010 1.495893 1.143515 -0.681462 -0.267579 -0.505344 0.179822 0.295970 -0.230661 0.276717 -0.423002 -0.169630 0.280031 -0.906782 0.001640 0.299518 -0.069282 0.029953 -0.035100 0.207903 0.073667 0.042967 -0.003306 0.073197 -0.004793 -0.344320 -0.063039 -0.100735 0.440585 0.155979 0.153943 -0.642644 -0.156904 -0.076182 0.638790 0.109454 0.153296 -0.187618 -0.023214 -0.300901 0.676993 0.161110 

0.020800 0.009700 0.007200 0.005700 0.004700 0.003300 0.002100 0.001600 0.001000 0.000900 0.000800 0.000800 0.000700 0.000600 0.000500 0.000500 0.000400 0.000400 0.000400 0.000300 0.000300 0.000300 0.000300 0.000300 0.000200 0.000200 0.000200 0.000200 0.000200 0.000200 0.000200 0.000100 0.000100 0.000100 0.000100 0.000100 0.000100 0.000100 0.000100 0.000100 0.000100 0.000100 