0.00112539 0.0385882 -0.0221528 0.0286341 -0.0315919 -0.00178947 -0.0231933 0.0165801 0.0343802 0.00856104 -0.0088902 0.00213107 -0.0057012 0.0073337 0.0175891 -0.002109 0.034722 0.00756756 0.000664935 0.0411509 0.00571682 -0.0165909 0.00500271 -0.00571997 0.00674993 0.0347695 0.00320286 -0.0131891 0.00172366 0.00723663 0.012347 0.0174505 0.0103735 -0.0103984 0.0253376 0.0163549 -0.00424309 -0.00612194 0.0303632 0.0135719 -0.0330761 0.0083079 
0.0105897 0.0179963 -0.0192951 0.0135035 -0.0139226 -0.00962997 -0.0282337 0.0250024 0.0273213 0.00969659 0.00343744 -0.00988591 -0.00558827 -0.000351926 -0.00239756 0.00112043 0.0233068 0.00706633 -0.000225605 0.0319886 -0.0105715 -0.0148499 0.0158672 -0.00549686 -0.00119094 0.0238942 0.00243887 -0.00407781 0.00506039 0.0163329 -0.00580575 0.0148781 0.0013463 -0.0055955 0.0195766 0.00709472 -0.000565886 -0.00769156 0.0230847 0.00744002 -0.0215331 0.00321573 
0.0095344 0.0157616 -0.0143831 0.0110349 -0.0156368 -0.00761692 -0.0182169 0.0221142 0.0267608 0.0039382 -0.00195029 -0.00273901 -0.0101072 0.00714379 5.38702e-05 -0.00190343 0.0160846 0.00132723 -0.00306736 0.0255898 -0.00886933 -0.0149031 0.0149436 -0.00386104 -0.00027259 0.0223601 0.0027554 -0.00409953 0.00476428 0.0100895 -0.00293903 0.0171798 0.00568315 -0.00998098 0.0182812 0.000879948 0.00174216 -0.00724081 0.0296522 0.0103376 -0.0139001 0.00327834 
0.0115405 0.0290806 -0.00946098 0.0145177 -0.0173184 -4.43953e-05 -0.0239545 0.0116551 0.00808117 0.0103657 0.002897 -0.0179172 -0.00263988 -0.000837715 -0.0134193 -0.00827099 0.00573125 -0.0140094 0.00606918 0.0348455 -0.020951 -0.0158155 0.00343806 -0.00574181 0.00118876 0.0190392 -0.00499553 0.00981251 -0.0119693 0.0101496 0.00782092 -0.0088554 0.00733747 0.0123446 0.0112743 0.00759287 0.00265507 0.00492284 0.0258778 -0.00034155 -0.0210007 0.00386217 
0.0178219 0.133066 -0.0470816 0.0594496 -0.0477806 0.044759 -0.0199032 -0.0447354 -0.0260358 0.0299057 0.0290771 -0.0791466 0.00218653 -0.0314138 -0.0725439 -0.0256966 -0.0403122 -0.0636305 -0.0043268 0.0936935 -0.0923277 0.0241694 0.027591 -0.0609471 -0.0404232 -0.00909751 -0.041757 0.0277346 -0.0598337 0.0707862 0.0292072 -0.00725069 0.0611804 0.0662764 -0.0175255 -0.0499116 0.0608114 0.0322916 -0.000615024 -0.01013 -0.00693362 0.0615004 
0.00617301 -0.00122731 -0.00291844 0.00211795 -0.000446334 -0.00167072 -0.00261298 0.00344758 0.00293727 0.00257157 0.00437803 -0.00210106 -0.0026542 -0.00117082 -0.00220121 0.00210919 0.00360187 1.81858e-05 0.00109178 0.00192144 -0.00462291 -0.000327931 0.000961276 -0.00148332 -0.00175167 0.00361787 0.000458317 -0.00051577 0.00170989 0.00272739 -0.000233303 0.00201189 0.000889835 0.000406338 0.00308338 0.000136085 0.00105889 -0.000820899 0.00461225 0.0013091 -0.00137445 0.000765676 
0.0175065 -0.00945422 -0.00564429 0.00156798 -0.00393347 -0.00803531 -0.0142219 0.0237514 0.0178983 0.00287111 0.00635317 0.00226625 -0.00197587 0.00160974 0.000656653 0.00855174 0.0132812 -0.0105421 0.0036152 0.00248872 -0.0117717 -0.00473257 0.0074157 0.00572363 0.00367584 0.00712008 -0.00690339 -0.00787806 0.0198642 0.00235373 -0.00681352 0.00864958 0.00724935 -0.00522795 0.00336648 -0.00103702 -0.00887139 -0.0272965 0.0136263 0.00582474 -0.00501167 0.00378861 
-0.00738982 -0.0728431 0.0270466 0.00488156 0.0053236 0.00977611 -0.0131713 0.0183512 0.0458128 0.039118 0.0121223 0.0320597 -0.0691832 0.00119241 0.0507542 0.0386012 0.0336997 0.0699134 0.0292991 -0.0567003 0.0642323 0.0737686 0.0364014 0.0311757 -0.0139499 0.00213442 0.0380856 0.014865 -0.00279386 -0.0375505 -0.0114183 0.0530406 -0.0232698 -0.0381325 0.0337909 -0.0294878 -0.0258399 -0.010451 -0.0135504 0.0134696 -0.00308616 0.0103541 
-0.00563548 -0.128766 0.0387287 0.00333258 -0.0072505 -0.00450967 -0.0262378 0.0663431 0.0323884 0.0183486 0.00200924 0.0426637 -0.0357217 0.0131433 0.0711746 0.0448767 0.0477825 0.0500118 0.0262955 -0.0741336 0.0669451 0.0324757 0.0144483 0.0434378 0.0115979 0.0120582 0.0335351 -0.0248442 0.0518054 -0.0439508 -0.0208356 0.0373339 -0.0187386 -0.0484033 0.0250828 0.000460083 -0.057395 -0.0652362 -0.00485985 0.00623476 -0.0169296 -0.0241018 
0.0115462 -0.0010581 0.0154868 0.0077132 -0.0082045 -0.00365442 -0.0287201 0.0269701 0.0321351 0.0106373 0.0147546 0.00698369 -0.0209718 0.0109901 0.0130939 0.00229993 0.0141053 0.00937758 0.00893725 -0.00142864 -0.00217151 -0.0100121 0.0173732 -0.00128002 -0.00409979 0.00869514 -0.000244516 -0.00894922 0.00208823 0.00193999 -0.0118513 0.0146883 -0.00991015 -0.0313466 0.0206356 0.00115878 -0.00286403 -0.00871573 0.021909 0.0147317 -0.0105617 0.00727948 
0.0312063 0.00339883 -0.0314707 0.0071006 -0.0101636 -0.00753669 -0.0168247 0.030325 0.0267335 -0.00144115 0.0138014 0.0233614 0.00138616 0.00476307 -0.0126517 0.0161032 0.0335168 0.00956823 -0.00566862 -0.00761227 -0.0388681 0.000482029 -0.0142173 0.00603079 -0.00552526 -0.00469317 0.00132393 0.0202479 0.00729961 0.0125653 0.00173763 0.00191314 0.00163075 -0.00174469 0.00829238 -0.000492166 -0.00189557 -0.00308279 0.0156929 -0.00476453 -0.0061438 7.89243e-05 
0.014587 0.0289031 -0.0108864 0.0159208 -0.0264317 -0.00366199 -0.0352038 0.026989 0.0245904 0.0134378 0.0129623 -0.00249286 -0.00844623 0.00145392 0.0039061 0.0093686 0.0171873 -0.0106545 0.00166935 0.0187904 -0.0269713 -0.013957 -0.00131482 -0.00719974 0.00634741 0.00937949 -0.00318667 0.0176475 -0.00757563 -0.000519656 0.00154158 0.00790594 -0.00771411 0.0113441 0.0128257 -0.00590743 0.000916444 -0.0133815 0.0276081 0.00776883 0.00382422 0.0113887 
0.0170185 0.0160745 -0.0199002 0.00887452 -0.0143365 -0.0148512 -0.0401817 0.042044 0.0291518 0.0236932 0.00602226 -0.0102247 -0.0105907 0.00559932 -0.0162954 0.00735779 0.036694 0.0045437 0.00556778 0.0157858 -0.0194925 -0.00550201 -0.0082324 0.00662595 0.0015554 0.000760516 -0.00245805 0.0196462 0.00335456 0.00380144 0.00323505 -0.00409069 -0.0104751 0.00680864 0.016363 0.00855464 -0.0128957 0.00348258 -0.0032767 -0.00879672 0.0017138 0.00033413 
0.0200774 0.0223073 -0.00396422 0.0095735 -0.0183163 -0.00810952 -0.0314801 0.0275811 0.023363 0.0167727 0.0151663 -0.00773866 -0.00799932 0.00230522 0.000498373 0.00868276 0.0113024 -0.0131772 0.000369337 0.0162268 -0.0286378 -0.00683825 0.000971589 0.00160802 0.00740763 0.00665216 -0.00801012 0.014827 -0.00138707 -0.0022314 0.000905168 0.00818515 -0.00158916 0.0121846 0.0122633 -0.00609899 -0.00288781 -0.00620408 0.0263554 0.00850874 -0.00269855 0.0157743 
0.0149803 0.0170923 0.00770278 0.00521042 -0.00967655 -0.0132779 -0.0356237 0.0284803 0.0217409 0.0215229 0.00573029 -0.0215326 -0.0106643 0.000290011 0.00219454 0.00823957 0.00468374 -0.0115019 -0.00848665 0.0131704 -0.0231579 -0.00539195 0.000999509 0.00279921 0.00739664 0.00261292 -0.00653616 0.0123858 0.00127879 -0.00965325 -0.000503944 0.0132915 -5.07818e-05 0.00769123 0.0138264 -0.00847066 -0.000202522 -0.00217223 0.0282538 0.00787259 0.00178548 0.0168956 
0.0602971 -0.480851 0.0676972 0.133906 -0.0411924 0.124049 0.0520524 0.109366 0.195825 0.0720185 0.129336 -0.032592 -0.132721 -0.0566457 -0.0166218 -0.0156755 0.19885 0.0633687 0.0058353 -0.16749 0.110626 -0.0448054 -0.0996377 0.045355 0.0772618 0.104235 -0.00932532 -0.0570576 0.0374158 -0.0201806 0.0291813 -0.00202334 -0.0170759 -0.00497651 0.0027944 0.0389865 -0.087587 -0.0331612 0.0643556 -0.00436934 0.00172967 -0.0581458 
0.00609378 0.00342773 0.000349182 0.000168254 0.000186647 -0.0159074 -0.0352951 0.030404 0.0226545 0.00817024 -0.00259258 -0.0181879 -0.0102201 -0.000569934 -0.00195186 0.0078286 0.00173859 -0.00302045 -0.0107574 0.0146174 -0.0199284 -0.0132529 -0.00150527 -0.00523857 -0.0017025 0.00813966 0.0042288 0.00746775 0.000541047 -0.00929402 -0.00168595 0.0142387 0.00803153 -0.00287539 0.0125674 -0.00602885 0.00716321 -0.010579 0.0307454 0.00557086 -0.000563195 0.0122465 
-0.00424835 0.00226601 0.0090126 -0.0028394 0.00184988 -0.0217632 -0.0375461 0.0381136 0.0308822 0.0145301 -0.00677518 -0.016695 -0.00166778 0.00214353 0.00735375 0.015402 -0.000786335 -0.00985172 -0.0132758 0.00864647 -0.0261164 -0.00778281 -0.00153599 -0.00420789 0.00192789 -0.00270339 -0.00281748 0.00472557 0.00390412 -0.00564676 -0.00128663 0.0112321 0.00748843 0.00203753 0.00835771 -0.00976117 -0.000613923 -0.00484296 0.0223006 0.00145362 -0.00491691 0.01718 
0.0210474 -0.0142018 0.00513063 -0.005291 0.0164132 -0.0219407 -0.025007 0.0325605 0.0176042 0.0121536 0.0142884 -0.0302494 -0.00815023 -0.00598032 -0.0137181 0.00533238 -0.00435147 -0.00878516 -0.0088319 0.00288505 -0.0186661 -0.00914289 0.00570959 -0.00962771 -0.000567499 0.00195283 -0.0013111 0.00750169 -0.00862892 -0.0148229 -0.00218392 0.00428633 0.00457365 -0.00481638 0.0093545 -0.00438063 0.00427912 -0.00714797 0.0143096 0.000754369 0.00601063 0.00644603 
0.0315019 -0.0209378 0.0051858 -0.0059655 0.0218192 -0.0270391 -0.0209307 0.0382346 0.0198174 0.015169 0.0232063 -0.0354333 -0.00421113 -0.000312105 -0.0135721 0.00611686 -0.00863268 -0.00961355 -0.00829942 0.00945076 -0.0221534 -0.0078153 0.0059863 -0.0118466 -0.0014103 0.000742275 0.00261393 0.00948982 -0.0152625 -0.00494377 0.00217912 0.00369055 0.00442736 -0.00172432 0.0173801 0.00266862 0.00845349 -0.00933536 0.00583014 0.00167483 0.00770361 0.00842615 
0.0450231 -0.0283426 0.00292255 -0.012376 0.0356701 -0.0393897 -0.0327489 0.0533836 0.0116651 0.0247606 0.0319887 -0.0314979 0.00335389 -0.000567512 -0.00166222 0.00569568 -0.0252311 -0.014701 -0.00229257 0.0249557 -0.0307916 -0.00734401 0.0143631 0.00208445 -0.00400692 -0.00560546 0.0022713 0.0138295 -0.0182445 0.000565346 -0.00796117 0.00912782 0.00103407 0.0147004 0.0230375 -0.00284011 0.00227842 0.00228904 -0.00140501 0.00323705 0.0101132 0.00969432 
0.0219008 0.0230403 -0.0121428 -0.0324468 0.023303 -0.0722082 -0.0803229 0.0740874 0.00193775 0.0388363 -0.00233973 0.0107585 -0.00336102 -0.00128907 0.0223449 0.0222029 -0.0281355 0.0199702 0.0116681 0.0165866 -0.019054 -0.00362545 0.0197807 0.0143711 -0.00460188 -0.0143072 0.00055121 0.0107726 0.0151595 0.000799967 -0.00581442 -0.018825 -0.00580003 0.0059195 0.0131039 -0.00581339 -0.0127694 -0.0164305 -0.00415599 -0.00723184 -0.0104309 -0.00303765 
0.0946416 -0.0168541 0.037517 -0.0307205 0.0349933 -0.0407553 -0.0162249 0.0646881 0.0381492 -0.000340636 0.0598634 -0.0521443 -0.00470779 0.0185523 -0.0203402 -0.00576798 0.00467262 -0.00395005 0.007373 0.000796245 -0.0158365 -0.00294678 -0.00879762 -0.00693426 0.00899922 -0.00289347 -0.00664886 0.00257242 -0.0151505 0.00747598 0.00588656 -0.00299782 0.00679837 0.000279921 0.0172496 0.013426 -0.0100643 0.0057093 -0.00216001 -0.00494509 0.00265472 0.00500381 
