-2.19026 1.44246 24.8124
-3.68671 1.4352 24.697
-2.35044 1.39382 27.2056
-3.8687 1.3812 26.9917
-2.14339 1.04722 23.8586
-3.54842 1.04906 23.7266
-2.56164 0.807151 27.9503
-3.78197 0.791135 27.8092
-2.05328 0.59509 25.303
-3.84395 0.58508 25.1628
-2.43687 0.198024 25.5173
-3.46084 0.195548 25.438
-2.68406 0.207675 26.7128
-3.43467 0.203555 26.6387
-2.22632 1.47836 23.7957
-3.72075 1.4711 23.6567
-2.42441 1.42972 26.1861
-3.93909 1.41709 25.9481
-2.16433 1.08312 22.8428
-3.5671 1.08496 22.6885
-2.64739 0.843048 26.9274
-3.86533 0.827032 26.767
-2.09713 0.630987 24.2885
-3.88536 0.620977 24.1199
-2.48407 0.233922 24.4967
-3.50665 0.231445 24.4011
-2.75018 0.243572 25.6881
-3.49951 0.239453 25.6021
-2.09736 1.48468 22.4451
-3.59043 1.47742 22.2921
-2.31765 1.43604 24.8335
-3.83006 1.42342 24.5815
-2.02652 1.08944 21.4928
-3.42779 1.09128 21.3255
-2.54751 0.849369 25.5727
-3.7639 0.833354 25.401
-1.97276 0.637309 22.939
-3.75934 0.627298 22.7538
-2.36161 0.240243 23.1436
-3.38326 0.237766 23.0385
-2.63878 0.249894 24.3325
-3.38728 0.245774 24.2395
-2.14843 1.53037 21.5701
-3.64865 1.52311 21.5254
-2.19546 1.48173 23.9681
-3.72214 1.4691 23.8261
-2.14663 1.13513 20.6151
-3.55633 1.13697 20.5496
-2.37128 0.895058 24.722
-3.5969 0.879043 24.6387
-1.98845 0.682997 22.0537
-3.78374 0.672987 21.9982
-2.36149 0.285932 22.2858
-3.38806 0.283455 22.2549
-2.55198 0.295582 23.4916
-3.30524 0.291463 23.453
-2.04929 1.47619 20.4818
-3.54413 1.46894 20.3471
-2.24035 1.42755 22.8727
-3.75573 1.41493 22.6392
-1.99011 1.08096 19.5287
-3.39332 1.0828 19.3785
-2.46115 0.840885 23.6147
-3.67955 0.82487 23.4579
-1.91866 0.628823 20.9742
-3.70737 0.618815 20.8109
-2.30498 0.231758 21.1835
-3.32784 0.229282 21.0909
-2.56759 0.241409 22.3757
-3.31717 0.23729 22.2919
-1.94311 1.41909 18.5945
-3.44359 1.41183 18.5594
-1.97479 1.37045 20.9928
-3.50234 1.35783 20.8605
-1.94742 1.02385 17.6395
-3.35751 1.02569 17.583
-2.14578 0.783784 21.7478
-3.37191 0.767772 21.6723
-1.78003 0.571716 19.077
-3.57564 0.561712 19.033
-2.15159 0.174652 19.3116
-3.17834 0.172179 19.2872
-2.33435 0.184306 20.5186
-3.08785 0.180189 20.4848
-1.99522 1.35299 18.0511
-3.4955 1.34574 18.0083
-2.03938 1.30435 20.4492
-3.56622 1.29173 20.309
-1.99457 0.957752 17.0962
-3.40435 0.959596 17.0323
-2.2143 0.717681 21.2033
-3.44002 0.701669 21.1215
-1.83466 0.505619 18.5345
-3.63002 0.495615 18.4812
-2.20743 0.108555 18.7671
-3.23404 0.106081 18.7374
-2.39647 0.118206 19.9732
-3.14978 0.114089 19.9355
-1.98994 1.31316 16.7151
-3.49011 1.30591 16.7616
-1.89129 1.26452 19.1116
-3.42377 1.2519 19.0625
-2.04612 0.917921 15.7618
-3.45721 0.919769 15.7819
-2.02102 0.677851 19.8747
-3.24944 0.661841 19.866
-1.8009 0.465788 17.1881
-3.59624 0.455787 17.2417
-2.15916 0.0687244 17.4424
-3.18572 0.0662531 17.4739
-2.27608 0.0783758 18.6576
-3.0303 0.0742605 18.6648
-1.87699 1.28336 14.4433
-3.37753 1.27611 14.4759
-1.80068 1.23472 16.8407
-3.33263 1.22211 16.7773
-1.92428 0.88812 13.4896
-3.3355 0.889968 13.4966
-1.93751 0.648052 17.6026
-3.1658 0.632043 17.5824
-1.69236 0.435988 14.9181
-3.48813 0.425987 14.9549
-2.05298 0.0389244 15.1691
-3.07979 0.0364531 15.191
-2.18123 0.0485764 16.3831
-2.93548 0.0444611 16.3833
-2.00117 1.35389 13.8815
-3.49153 1.34664 14.0589
-1.69351 1.30525 16.2602
-3.22441 1.29263 16.3452
-2.14042 0.958653 12.9368
-3.54435 0.9605 13.0801
-1.75606 0.71858 17.0318
-2.98055 0.70257 17.1304
-1.77152 0.506519 14.3362
-3.55532 0.496517 14.5464
-2.10619 0.109455 14.6209
-3.12607 0.106983 14.7419
-2.11649 0.119106 15.8416
-2.8672 0.11499 15.9147
-2.01036 1.42019 12.6604
-3.50407 1.41294 12.8071
-1.75181 1.37155 15.045
-3.28415 1.35894 15.0984
-2.13011 1.02495 11.713
-3.53669 1.0268 11.8274
-1.83026 0.784887 15.8151
-3.05652 0.768876 15.8885
-1.79014 0.572823 13.1197
-3.57789 0.562819 13.2932
-2.1306 0.175759 13.3975
-3.15277 0.173286 13.4975
-2.16608 0.185411 14.6178
-2.91813 0.181295 14.6753
-2.16376 1.46917 12.1944
-3.65943 1.46193 12.3195
-1.93968 1.42054 14.5825
-3.47263 1.40793 14.6138
-2.26981 1.07393 11.2454
-3.6779 1.07578 11.3394
-2.02925 0.833872 15.3514
-3.25644 0.817866 15.407
-1.95019 0.621803 12.6569
-3.74027 0.611806 12.8045
-2.29464 0.224741 12.9297
-3.31814 0.222272 13.0148
-2.34774 0.234395 14.1493
-3.10054 0.230281 14.196
-2.17051 1.50479 10.5661
-3.66681 1.49754 10.6833
-1.95898 1.45616 12.9553
-3.49207 1.44354 12.9785
-2.27157 1.10955 9.61653
-3.68014 1.1114 9.70316
-2.05258 0.869493 13.7237
-3.28005 0.853483 13.7729
-1.95937 0.657422 11.0297
-3.7502 0.647422 11.1678
-2.30524 0.26036 11.3006
-3.32918 0.257888 11.3805
-2.36475 0.270014 12.52
-3.11779 0.265899 12.5627
-1.99806 1.47454 8.11031
-3.49127 1.46729 8.26192
-1.73162 1.42591 10.494
-3.26377 1.4133 10.5525
-2.12094 1.0793 7.16332
-3.52714 1.08115 7.28234
-1.80752 0.839246 11.2644
-3.03353 0.823239 11.3418
-1.77632 0.627169 8.56889
-3.56349 0.617172 8.74824
-2.11587 0.230108 8.84776
-3.13769 0.227638 8.95111
-2.1473 0.239765 10.0681
-2.89916 0.235652 10.1282
-2.07336 1.50629 6.90079
-3.56628 1.49904 7.05525
-1.80239 1.45766 9.28398
-3.33443 1.44505 9.34539
-2.19804 1.11104 5.95404
-3.60401 1.11289 6.07573
-1.87683 0.870998 10.0545
-3.10269 0.854995 10.1342
-1.85075 0.658915 7.35896
-3.63758 0.648924 7.5417
-2.18977 0.261855 7.63847
-3.2114 0.259389 7.74376
-2.21888 0.271516 8.8589
-2.97063 0.267404 8.9204
